1,北京市,111,1,0,0
3,上海市,131,1,0,0
5,广州市,144,1,0,0
7,深圳市,144,1,0,0
10,香港特别行政区,172,1,0,0
12,沈阳市,121,1,0,0
14,天津市,112,1,0,0
16,武汉市,142,1,0,0
20,西安市,161,1,0,0
101,顺义区,1,1,1,1
102,大兴区,1,1,1,1
103,昌平区,1,1,1,1
104,通州区,1,1,1,1
111,北京,9000,1,0,0
112,天津,9000,1,0,0
113,河北,9000,1,0,0
114,山西,9000,1,0,0
115,内蒙古,9000,1,0,0
121,辽宁,9000,1,0,0
122,吉林,9000,1,0,0
123,黑龙江,9000,1,0,0
131,上海,9000,1,0,0
132,江苏,9000,1,0,0
133,浙江,9000,1,0,0
134,安徽,9000,1,0,0
135,福建,9000,1,0,0
136,江西,9000,1,0,0
137,山东,9000,1,0,0
141,河南,9000,1,0,0
142,湖北,9000,1,0,0
143,湖南,9000,1,0,0
144,广东,9000,1,0,0
145,广西,9000,1,0,0
146,海南,9000,1,0,0
150,重庆,9000,1,0,0
151,四川,9000,1,0,0
152,贵州,9000,1,0,0
153,云南,9000,1,0,0
154,西藏,9000,1,0,0
161,陕西,9000,1,0,0
162,甘肃,9000,1,0,0
163,青海,9000,1,0,0
164,宁夏,9000,1,0,0
165,新疆,9000,1,0,0
171,台湾,9000,1,0,0
172,香港,9000,1,0,0
173,澳门,9000,1,0,0
401,重庆市,150,1,0,0
402,重庆郊区,401,0,0,0
491,梅县,545,1,1,1
492,蕉岭县,545,1,1,1
493,兴宁市,545,1,1,1
494,东源县,544,1,1,1
495,陆河县,529,1,1,1
496,连平县,544,1,1,1
498,紫金县,544,1,1,1
499,陆丰市,529,1,1,1
500,龙川县,544,1,1,1
501,和平县,544,1,1,1
502,郁南县,546,1,1,1
503,新兴县,546,1,1,1
504,珠海市,144,1,0,0
505,花都区,5,1,1,1
506,潮州市,144,1,0,0
507,汕头市,144,1,0,0
508,惠州市,144,1,0,0
509,江门市,144,1,0,0
510,东莞市,144,1,0,0
511,茂名市,144,1,0,0
512,清远市,144,1,0,0
513,顺德区,521,1,1,1
514,番禺区,5,1,1,1
515,中山市,144,1,0,0
516,湛江市,144,1,0,0
517,南海区,521,1,1,1
518,从化市,5,1,1,1
519,增城市,5,1,1,1
520,新会区,509,1,1,1
521,佛山市,144,1,0,0
522,高明区,521,1,1,1
523,鹤山市,509,1,1,1
524,台山市,509,1,1,1
525,开平市,509,1,1,1
526,四会市,534,1,1,1
527,三水区,521,1,1,1
528,恩平市,509,1,1,1
529,汕尾市,144,1,0,0
530,海丰县,529,1,1,1
531,阳江市,144,1,0,0
532,阳西县,531,1,1,1
533,韶关市,144,1,0,0
534,肇庆市,144,1,0,0
535,黄埔区,5,1,1,1
537,陈江,508,1,0,0
538,阳东县,531,1,1,1
539,阳春市,531,1,1,1
540,揭阳市,144,1,0,0
541,普宁市,540,1,1,1
542,潮阳区,507,1,1,1
543,博罗县,508,1,1,1
544,河源市,144,1,0,0
545,梅州市,144,1,0,0
546,云浮市,144,1,0,0
547,清新县,512,1,1,1
548,大埔县,545,1,1,1
549,佛冈县,512,1,1,1
550,丰顺县,545,1,1,1
551,英德市,512,1,1,1
552,五华县,545,1,1,1
553,阳山县,512,1,1,1
554,平远县,545,1,1,1
555,连州市,512,1,1,1
556,罗定市,546,1,1,1
557,连南瑶族自治县,512,1,1,1
558,云安县,546,1,1,1
559,连山壮族瑶族自治县,512,1,1,1
560,潮南区,507,1,1,1
601,石家庄市,113,1,0,0
602,张家口市,113,1,0,0
603,承德市,113,1,0,0
604,秦皇岛市,113,1,0,0
605,唐山市,113,1,0,0
606,邢台市,113,1,0,0
607,邯郸市,113,1,0,0
608,保定市,113,1,0,0
609,沧州市,113,1,0,0
610,廊坊市,113,1,0,0
611,涿州市,608,1,1,1
701,哈尔滨市,123,1,0,0
702,齐齐哈尔市,123,1,0,0
703,黑河市,123,1,0,0
704,大庆市,123,1,0,0
705,伊春市,123,1,0,0
706,佳木斯市,123,1,0,0
707,牡丹江市,123,1,0,0
708,鸡西市,123,1,0,0
709,鹤岗市,123,1,0,0
710,满洲里市,11506,1,0,0
801,长春市,122,1,0,0
802,白城市,122,1,0,0
803,松原市,122,1,0,0
804,吉林市,122,1,0,0
805,四平市,122,1,0,0
806,延吉市,12209,1,1,1
807,通化市,122,1,0,0
808,珲春市,12209,1,1,1
902,朝阳市,121,1,0,0
903,阜新市,121,1,0,0
904,铁岭市,121,1,0,0
905,抚顺市,121,1,0,0
906,大连市,121,1,0,0
907,鞍山市,121,1,0,0
908,丹东市,121,1,0,0
909,营口市,121,1,0,0
910,锦州市,121,1,0,0
911,辽阳市,121,1,0,0
912,葫芦岛市,121,1,0,0
913,大石桥市,909,1,0,0
914,盘锦市,121,1,0,0
915,本溪市,121,1,0,0
916,沈阳郊区,12,0,0,0
917,熊岳市,909,1,0,0
918,金州区,906,1,1,1
919,庄河市,906,1,1,1
1001,呼和浩特市,115,1,0,0
1002,乌海市,115,1,0,0
1003,包头市,115,1,0,0
1004,赤峰市,115,1,0,0
1005,通辽市,115,1,0,0
1101,济南市,137,1,0,0
1102,德州市,137,1,0,0
1103,潍坊市,137,1,0,0
1104,淄博市,137,1,0,0
1105,东营市,137,1,0,0
1106,青岛市,137,1,0,0
1107,临沂市,137,1,0,0
1108,日照市,137,1,0,0
1109,滨州市,137,1,0,0
1110,烟台市,137,1,0,0
1111,莱阳市,1110,1,1,1
1112,莱芜市,137,1,0,0
1113,威海市,137,1,0,0
1114,招远市,1110,1,1,1
1115,聊城市,137,1,0,0
1116,即墨市,1106,1,1,1
1201,太原市,114,1,0,0
1202,大同市,114,1,0,0
1203,朔州市,114,1,0,0
1204,阳泉市,114,1,0,0
1205,晋城市,114,1,0,0
1206,长治市,114,1,0,0
1207,晋中市,114,1,0,0
1208,榆次区,1207,1,1,1
1209,侯马市,1211,1,1,1
1210,运城市,114,1,0,0
1211,临汾市,114,1,0,0
1212,清徐县,1201,1,1,1
1213,古交市,1201,1,1,1
1214,阳曲县,1201,1,1,1
1215,孝义市,11410,1,1,1
1216,汾阳市,11410,1,0,0
1217,祁县,1207,1,1,1
1218,太谷县,1207,1,1,1
1219,平遥县,1207,1,1,1
1220,介休市,1207,1,1,1
1221,交城县,11410,1,1,1
1222,文水县,11410,1,1,1
1223,离石区,11410,1,1,1
1224,忻州市,114,1,0,0
1225,原平市,1224,1,1,1
1302,咸阳市,161,1,0,0
1303,榆林市,161,1,0,0
1304,安康市,161,1,0,0
1305,渭南市,161,1,0,0
1306,延安市,161,1,0,0
1307,宝鸡市,161,1,0,0
1308,汉中市,161,1,0,0
1309,铜川市,161,1,0,0
1310,华县,1305,1,0,0
1401,郑州市,141,1,0,0
1402,三门峡市,141,1,0,0
1403,洛阳市,141,1,0,0
1404,焦作市,141,1,0,0
1405,新乡市,141,1,0,0
1406,安阳市,141,1,0,0
1407,漯河市,141,1,0,0
1408,开封市,141,1,0,0
1409,许昌市,141,1,0,0
1410,信阳市,141,1,0,0
1411,鹤壁市,141,1,0,0
1412,商丘市,141,1,0,0
1413,平顶山市,141,1,0,0
1414,濮阳市,141,1,0,0
1415,南阳市,141,1,0,0
1416,驻马店市,141,1,0,0
1501,合肥市,134,1,0,0
1502,淮北市,134,1,0,0
1503,淮南市,134,1,0,0
1504,亳州市,134,1,0,0
1505,滁州市,134,1,0,0
1506,蚌埠市,134,1,0,0
1507,黄山市,134,1,0,0
1508,芜湖市,134,1,0,0
1509,宿州市,134,1,0,0
1510,马鞍山市,134,1,0,0
1511,巢湖市,134,1,0,0
1512,贵池区,1519,1,1,1
1513,阜阳市,134,1,0,0
1514,铜陵市,134,1,0,0
1515,宣城市,134,1,0,0
1516,安庆市,134,1,0,0
1517,明光市,1505,1,0,0
1519,池州市,134,1,0,0
1521,六安市,134,1,0,0
1601,南京市,132,1,0,0
1602,苏州市,132,1,0,0
1603,徐州市,132,1,0,0
1604,连云港市,132,1,0,0
1605,宿迁市,132,1,0,0
1606,淮安市,132,1,0,0
1607,无锡市,132,1,0,0
1608,常州市,132,1,0,0
1609,镇江市,132,1,0,0
1610,扬州市,132,1,0,0
1611,江阴市,1607,1,1,1
1612,泰州市,132,1,0,0
1613,兴化市,1612,1,0,0
1614,泰兴市,1612,1,0,0
1615,靖江市,1612,1,0,0
1616,姜堰市,1612,1,0,0
1617,丹阳市,1609,1,0,0
1618,丹徒区,1609,1,0,0
1619,昆山市,1602,1,1,1
1620,南通市,132,1,0,0
1621,张家港市,1602,1,1,1
1622,江都市,1610,1,0,0
1623,沭阳县,1605,1,0,0
1624,淮阴区,1606,1,1,1
1625,邳州市,1603,1,0,0
1702,十堰市,142,1,0,0
1704,荆门市,142,1,0,0
1705,孝感市,142,1,0,0
1706,襄樊市,142,1,0,0
1707,仙桃市,142,1,1,1
1708,黄石市,142,1,0,0
1709,宜昌市,142,1,0,0
1710,鄂州市,142,1,0,0
1711,武穴市,1712,1,1,1
1712,黄冈市,142,1,0,0
1713,咸宁市,142,1,0,0
1714,荆州市,142,1,0,0
1801,长沙市,143,1,0,0
1802,张家界市,143,1,0,0
1803,湘潭市,143,1,0,0
1804,怀化市,143,1,0,0
1805,常德市,143,1,0,0
1806,益阳市,143,1,0,0
1807,岳阳市,143,1,0,0
1808,衡阳市,143,1,0,0
1809,郴州市,143,1,0,0
1810,邵阳市,143,1,0,0
1811,株洲市,143,1,0,0
1812,娄底市,143,1,0,0
1901,杭州市,133,1,0,0
1902,湖州市,133,1,0,0
1903,嘉兴市,133,1,0,0
1904,舟山市,133,1,0,0
1905,宁波市,133,1,0,0
1906,温州市,133,1,0,0
1907,瑞安市,1906,1,1,1
1908,衢州市,133,1,0,0
1909,永康市,1910,1,1,1
1910,金华市,133,1,0,0
1911,建德市,1901,1,0,0
1912,温岭市,1939,1,1,1
1913,乐清市,1906,1,1,1
1914,绍兴市,133,1,0,0
1915,江山市,1908,1,0,0
1916,上虞市,1914,1,1,1
1917,嵊州市,1914,1,1,1
1918,兰溪市,1910,1,1,1
1920,余姚市,1905,1,1,1
1921,慈溪市,1905,1,1,1
1922,象山县,1905,1,1,1
1923,黄岩区,1939,1,1,1
1924,椒江区,1939,1,1,1
1925,路桥区,1939,1,1,1
1926,新昌县,1914,1,1,1
1927,诸暨市,1914,1,1,1
1928,义乌市,1910,1,1,1
1929,东阳市,1910,1,1,1
1930,嘉善县,1903,1,1,1
1931,桐乡市,1903,1,1,1
1932,海宁市,1903,1,1,1
1933,滨江区,1901,1,1,1
1934,宁海县,1905,1,1,1
1935,永嘉县,1906,1,1,1
1936,平湖市,1903,1,1,1
1937,海盐县,1903,1,1,1
1938,浦江县,1910,1,1,1
1939,台州市,133,1,0,0
1940,临海市,1939,1,1,1
1941,天台县,1939,1,1,1
1942,仙居县,1939,1,1,1
1943,丽水市,133,1,0,0
1944,德清县,1902,1,1,1
1945,长兴县,1902,1,1,1
1946,安吉县,1902,1,1,1
1947,杭州郊县,1901,0,0,0
1948,富阳市,1901,1,1,1
1949,临安市,1901,1,1,1
1950,桐庐县,1901,1,1,1
1951,淳安县,1901,1,0,0
2001,南昌市,136,1,0,0
2002,九江市,136,1,0,0
2003,景德镇市,136,1,0,0
2004,鹰潭市,136,1,0,0
2005,新余市,136,1,0,0
2006,萍乡市,136,1,0,0
2007,吉安市,136,1,0,0
2008,赣州市,136,1,0,0
2009,抚州市,136,1,0,0
2010,井冈山市,2007,1,0,0
2011,上饶市,136,1,0,0
2012,宜春市,136,1,0,0
2013,贵溪市,2004,1,0,0
2014,南昌县,2001,1,1,1
2015,湾里区,2001,1,1,1
2016,新建县,2001,1,1,1
2101,福州市,135,1,0,0
2102,三明市,135,1,0,0
2103,莆田市,135,1,0,0
2104,泉州市,135,1,0,0
2105,厦门市,135,1,0,0
2106,漳州市,135,1,0,0
2107,南平市,135,1,0,0
2108,建瓯市,2107,1,1,1
2109,宁德市,135,1,0,0
2110,福鼎市,2109,1,1,1
2111,福清市,2101,1,1,1
2112,石狮市,2104,1,1,1
2113,龙岩市,135,1,0,0
2114,武夷山市,2107,1,1,1
2115,晋江市,2104,1,1,1
2116,连江县,2101,1,1,1
2117,泰宁县,2102,1,1,1
2118,南靖县,2106,1,1,1
2119,平和县,2106,1,1,1
2120,长乐市,2101,1,1,1
2121,罗源县,2101,1,1,1
2122,闽侯县,2101,1,1,1
2123,闽清县,2101,1,1,1
2124,永泰县,2101,1,1,1
2125,平潭县,2101,1,1,1
2126,永安市,2102,1,1,1
2127,沙县,2102,1,1,1
2128,大田县,2102,1,1,1
2129,尤溪县,2102,1,1,1
2130,清流县,2102,1,1,1
2131,宁化县,2102,1,1,1
2132,建宁县,2102,1,1,1
2133,将乐县,2102,1,1,1
2134,明溪县,2102,1,1,1
2135,漳平市,2113,1,1,1
2136,上杭县,2113,1,1,1
2137,长汀县,2113,1,1,1
2138,连城县,2113,1,1,1
2201,南宁市,145,1,0,0
2202,桂林市,145,1,0,0
2203,柳州市,145,1,0,0
2204,梧州市,145,1,0,0
2205,钦州市,145,1,0,0
2206,北海市,145,1,0,0
2207,玉林市,145,1,0,0
2301,海口市,146,1,0,0
2302,三亚市,146,1,0,0
2303,文昌市,146,1,0,0
2304,琼海市,146,1,0,0
2305,万宁市,146,1,0,0
2401,昆明市,153,1,0,0
2402,曲靖市,153,1,0,0
2403,玉溪市,153,1,0,0
2404,保山市,153,1,0,0
2405,丽江市,153,1,0,0
2501,贵阳市,152,1,0,0
2502,六盘水市,152,1,0,0
2503,遵义市,152,1,0,0
2504,安顺市,152,1,0,0
2505,毕节地区,152,1,0,0
2506,毕节市,2505,1,0,0
2601,乌鲁木齐市,165,1,0,0
2602,喀什地区,165,1,0,0
2603,阿克苏地区,165,1,0,0
2604,和田地区,165,1,0,0
2605,昌吉回族自治州,165,1,0,0
2606,库尔勒市,16509,1,0,0
2607,阿克苏市,2603,1,0,0
2608,和田市,2604,1,0,0
2609,哈密市,16504,1,0,0
2610,昌吉市,2605,1,0,0
2611,喀什市,2602,1,0,0
2612,石河子市,165,1,0,0
2613,克拉玛依市,165,1,0,0
2614,吐鲁番市,16503,1,0,0
2615,奎屯市,16512,1,0,0
2617,阿勒泰市,16514,1,0,0
2618,博乐市,16511,1,0,0
2619,伊宁市,16512,1,0,0
2620,塔城市,16513,1,0,0
2701,兰州市,162,1,0,0
2702,嘉峪关市,162,1,0,0
2703,金昌市,162,1,0,0
2704,天水市,162,1,0,0
2706,酒泉市,162,1,0,0
2801,银川市,164,1,0,0
2802,石嘴山市,164,1,0,0
2803,吴忠市,164,1,0,0
2804,固原市,164,1,0,0
2901,拉萨市,154,1,0,0
2902,那曲地区,154,1,0,0
2903,昌都地区,154,1,0,0
2904,林芝地区,154,1,0,0
2905,山南地区,154,1,0,0
3001,成都市,151,1,0,0
3003,彭州市,3001,1,1,1
3004,都江堰市,3001,1,1,1
3005,德阳市,151,1,0,0
3006,西昌市,15121,1,0,0
3007,绵阳市,151,1,0,0
3008,南充市,151,1,0,0
3009,泸州市,151,1,0,0
3010,自贡市,151,1,0,0
3011,峨眉山市,3012,1,1,1
3012,乐山市,151,1,0,0
3013,广元市,151,1,0,0
3014,成都郊区,3001,0,0,0
3101,西宁市,163,1,0,0
3102,海东地区,163,1,0,0
3103,海北州,163,1,0,0
3104,海南州,163,1,0,0
3105,黄南州,163,1,0,0
3401,澳门特别行政区,173,1,0,0
3501,台北市,171,1,0,0
3502,高雄市,171,1,0,0
3503,台中市,171,1,0,0
3505,基隆市,171,0,0,0
3506,新竹市,171,1,0,0
3507,桃园县,171,1,0,0
3508,彰化县,171,1,0,0
3509,嘉义市,171,1,0,0
3510,南投县,171,1,0,0
9000,中国,-1,1,0,0
10101,美国,-1,1,0,0
10202,英国,-1,1,0,0
10303,日本,-1,1,0,0
10404,法国,-1,1,0,0
10505,德国,-1,1,0,0
10606,印度,-1,1,0,0
10707,巴西,-1,1,0,0
10808,韩国,-1,1,0,0
10909,澳大利亚,-1,1,0,0
11010,加拿大,-1,1,0,0
11109,门头沟区,1,1,1,1
11110,房山区,1,1,1,1
11111,捷克,-1,1,0,0
11212,墨西哥,-1,1,0,0
11311,衡水市,113,1,0,0
11313,挪威,-1,1,0,0
11410,吕梁市,114,1,0,0
11414,瑞典,-1,1,0,0
11505,鄂尔多斯市,115,1,0,0
11506,呼伦贝尔市,115,1,0,0
11507,巴彦淖尔市,115,1,0,0
11508,乌兰察布市,115,1,0,0
11509,兴安盟,115,1,0,0
11510,锡林郭勒盟,115,1,0,0
11511,阿拉善盟,115,1,0,0
11515,西班牙,-1,1,0,0
11616,意大利,-1,1,0,0
11717,阿根廷,-1,1,0,0
11818,秘鲁,-1,1,0,0
11919,奥地利,-1,1,0,0
12020,埃及,-1,1,0,0
12121,荷兰,-1,1,0,0
12204,辽源市,122,1,0,0
12206,白山市,122,1,0,0
12209,延边州,122,1,0,0
12222,菲律宾,-1,1,0,0
12305,双鸭山市,123,1,0,0
12309,七台河市,123,1,0,0
12312,绥化市,123,1,0,0
12313,大兴安岭地区,123,1,0,0
12323,芬兰,-1,1,0,0
12424,关岛,-1,1,0,0
12525,爱尔兰,-1,1,0,0
12626,牙买加,-1,1,0,0
12727,新西兰,-1,1,0,0
12828,巴拿马,-1,1,0,0
12929,葡萄牙,-1,1,0,0
13030,罗马尼亚,-1,1,0,0
13131,新加坡,-1,1,0,0
13209,盐城市,132,1,0,0
13232,南非,-1,1,0,0
13333,斯里兰卡,-1,1,0,0
13434,泰国,-1,1,0,0
13535,比利时,-1,1,0,0
13636,马来西亚,-1,1,0,0
13704,枣庄市,137,1,0,0
13710,济宁市,137,1,0,0
13711,泰安市,137,1,0,0
13718,菏泽市,137,1,0,0
13737,瑞士,-1,1,0,0
13838,塞浦路斯,-1,1,0,0
13939,坦桑尼亚,-1,1,0,0
14040,乌克兰,-1,1,0,0
14116,周口市,141,1,0,0
14118,济源市,141,1,1,1
14141,匈牙利,-1,1,0,0
14212,随州市,142,1,0,0
14213,恩施州,142,1,0,0
14215,潜江市,142,1,1,1
14216,天门市,142,1,1,1
14217,神农架林区,142,1,0,0
14242,越南,-1,1,0,0
14311,永州市,143,1,0,0
14314,湘西州,143,1,0,0
14343,希腊,-1,1,0,0
14444,丹麦,-1,1,0,0
14506,防城港市,145,1,0,0
14508,贵港市,145,1,0,0
14510,百色市,145,1,0,0
14511,贺州市,145,1,0,0
14512,河池市,145,1,0,0
14513,来宾市,145,1,0,0
14514,崇左市,145,1,0,0
14545,蒙古,-1,1,0,0
14606,五指山市,146,1,0,0
14607,东方市,146,1,0,0
14608,儋州市,146,1,0,0
14609,临高县,146,1,0,0
14610,澄迈县,146,1,0,0
14611,定安县,146,1,0,0
14612,屯昌县,146,1,0,0
14613,昌江县,146,1,0,0
14614,白沙县,146,1,0,0
14615,琼中县,146,1,0,0
14616,陵水县,146,1,0,0
14617,保亭县,146,1,0,0
14618,乐东县,146,1,0,0
14619,中沙群岛办事处(县级),146,1,0,0
14646,印度尼西亚,-1,1,0,0
14747,巴基斯坦,-1,1,0,0
14848,科威特,-1,1,0,0
14949,波兰,-1,1,0,0
15050,文莱,-1,1,0,0
15103,攀枝花市,151,1,0,0
15108,遂宁市,151,1,0,0
15109,内江市,151,1,0,0
15112,宜宾市,151,1,0,0
15113,广安市,151,1,0,0
15114,达州市,151,1,0,0
15115,眉山市,151,1,0,0
15116,雅安市,151,1,0,0
15117,巴中市,151,1,0,0
15118,资阳市,151,1,0,0
15119,阿坝州,151,1,0,0
15120,甘孜州,151,1,0,0
15121,凉山州,151,1,0,0
15151,柬埔寨,-1,1,0,0
15205,铜仁地区,152,1,0,0
15207,黔西南州,152,1,0,0
15208,黔东南州,152,1,0,0
15209,黔南州,152,1,0,0
15252,委内瑞拉,-1,1,0,0
15306,昭通市,153,1,0,0
15308,普洱市,153,1,0,0
15309,临沧市,153,1,0,0
15310,文山州,153,1,0,0
15311,红河州,153,1,0,0
15312,西双版纳州,153,1,0,0
15313,楚雄州,153,1,0,0
15314,大理州,153,1,0,0
15315,德宏州,153,1,0,0
15316,怒江州,153,1,0,0
15317,迪庆州,153,1,0,0
15353,俄罗斯,-1,1,0,0
15404,日喀则地区,154,1,0,0
15406,阿里地区,154,1,0,0
15454,智利,-1,1,0,0
15555,马尔代夫,-1,1,0,0
15656,波多黎各,-1,1,0,0
15757,土耳其,-1,1,0,0
15858,老挝,-1,1,0,0
15959,列支敦士登,-1,1,0,0
16060,卢森堡,-1,1,0,0
16110,商洛市,161,1,0,0
16161,阿联酋,-1,1,0,0
16204,白银市,162,1,0,0
16206,武威市,162,1,0,0
16207,张掖市,162,1,0,0
16208,平凉市,162,1,0,0
16210,庆阳市,162,1,0,0
16211,定西市,162,1,0,0
16212,陇南市,162,1,0,0
16213,临夏州,162,1,0,0
16214,甘南州,162,1,0,0
16262,黎嫩,-1,1,0,0
16306,果洛州,163,1,0,0
16307,玉树州,163,1,0,0
16308,海西州,163,1,0,0
16363,尼日利亚,-1,1,0,0
16405,中卫市,164,1,0,0
16464,沙特阿拉伯,-1,1,0,0
16503,吐鲁番地区,165,1,0,0
16504,哈密地区,165,1,0,0
16508,克孜勒苏柯尔克孜自治州,165,1,0,0
16509,巴音郭楞蒙古自治州,165,1,0,0
16511,博尔塔拉蒙古自治州,165,1,0,0
16512,伊犁哈萨克自治州,165,1,0,0
16513,塔城地区,165,1,0,0
16514,阿勒泰地区,165,1,0,0
16516,阿拉尔市,165,1,0,0
16517,图木舒克市,165,1,0,0
16518,五家渠市,165,1,0,0
16565,乌拉圭,-1,1,0,0
16666,南斯拉夫,-1,1,0,0
16767,阿尔及利亚,-1,1,0,0
16868,白俄罗斯,-1,1,0,0
16969,保加利亚,-1,1,0,0
17070,卢旺达,-1,1,0,0
17105,台南市,171,1,0,0
17108,台北县,171,1,0,0
17109,宜兰县,171,0,0,0
17111,新竹县,171,1,0,0
17112,苗栗县,171,1,0,0
17113,台中县,171,1,0,0
17116,云林县,171,1,0,0
17117,嘉义县,171,1,0,0
17118,台南县,171,1,0,0
17119,高雄县,171,1,0,0
17120,屏东县,171,0,0,0
17121,澎湖县,171,0,0,0
17122,台东县,171,0,0,0
17123,花莲县,171,0,0,0
17124,南投市,171,1,0,0
17125,彰化市,171,1,0,0
17171,孟加拉,-1,1,0,0
17272,玻利维亚,-1,1,0,0
17373,喀麦隆,-1,1,0,0
17474,古巴,-1,0,0,0
1110101,东城区,1,1,1,1
1110102,西城区,1,1,1,1
1110103,崇文区,1,1,1,1
1110104,宣武区,1,1,1,1
1110105,朝阳区,1,1,1,1
1110106,丰台区,1,1,1,1
1110107,石景山区,1,1,1,1
1110108,海淀区,1,1,1,1
1110115,怀柔区,1,1,1,1
1110116,平谷区,1,1,1,1
1110117,延庆县,1,1,1,1
1110118,密云县,1,1,1,1
1120101,和平区,14,1,1,1
1120102,河东区,14,1,1,1
1120103,河西区,14,1,1,1
1120104,南开区,14,1,1,1
1120105,河北区,14,1,1,1
1120106,红桥区,14,1,1,1
1120107,塘沽区,14,1,1,1
1120108,汉沽区,14,1,1,1
1120109,大港区,14,1,1,1
1120110,东丽区,14,1,1,1
1120111,西青区,14,1,1,1
1120112,津南区,14,1,1,1
1120113,北辰区,14,1,1,1
1120114,武清区,14,1,1,1
1120115,宝坻区,14,1,1,1
1120116,蓟县,14,1,1,1
1120117,宁河县,14,1,1,1
1120118,静海县,14,1,1,1
1130101,长安区,601,1,1,1
1130102,桥东区,601,1,1,1
1130103,桥西区,601,1,1,1
1130104,新华区,601,1,1,1
1130105,裕华区,601,1,1,1
1130106,井陉矿区,601,1,1,1
1130107,辛集市,601,1,1,1
1130108,藁城市,601,1,1,1
1130109,晋州市,601,1,1,1
1130110,新乐市,601,1,1,1
1130111,鹿泉市,601,1,1,1
1130112,井陉县,601,1,1,1
1130113,正定县,601,1,1,1
1130114,栾城县,601,1,1,1
1130115,行唐县,601,1,0,0
1130116,灵寿县,601,1,0,0
1130117,高邑县,601,1,0,0
1130118,高新技术产业开发区,601,1,1,1
1130119,元氏县,601,1,1,1
1130120,赞皇县,601,1,1,1
1130121,赵县,601,1,1,1
1130122,深泽县,601,1,1,1
1130123,无极县,601,1,1,1
1130124,平山县,601,1,1,1
1130201,路北区,605,1,1,1
1130202,路南区,605,1,1,1
1130203,古冶区,605,1,0,0
1130204,开平区,605,1,1,1
1130205,丰润区,605,1,1,1
1130206,丰南区,605,1,1,1
1130207,遵化市,605,1,0,0
1130208,迁安市,605,1,0,0
1130209,滦县,605,1,0,0
1130210,滦南县,605,1,0,0
1130211,乐亭县,605,1,0,0
1130212,迁西县,605,1,0,0
1130213,玉田县,605,1,0,0
1130214,唐海县,605,1,0,0
1130215,高新区,605,1,1,1
1130301,海港区,604,1,1,1
1130302,山海关区,604,1,1,1
1130303,北戴河区,604,1,1,1
1130304,昌黎县,604,1,0,0
1130305,抚宁县,604,1,0,0
1130306,卢龙县,604,1,0,0
1130307,青龙满族自治县,604,1,0,0
1130308,经济技术开发区,604,1,1,1
1130401,丛台区,607,1,1,1
1130402,邯山区,607,1,1,1
1130403,复兴区,607,1,1,1
1130404,峰峰矿区,607,1,1,1
1130405,武安市,607,1,1,1
1130406,邯郸县,607,1,1,1
1130407,临漳县,607,1,1,1
1130408,成安县,607,1,1,1
1130409,大名县,607,1,1,1
1130410,涉县,607,1,1,1
1130411,磁县,607,1,1,1
1130412,肥乡县,607,1,1,1
1130413,永年县,607,1,1,1
1130414,邱县,607,1,1,1
1130415,鸡泽县,607,1,1,1
1130416,广平县,607,1,1,1
1130417,馆陶县,607,1,1,1
1130418,魏县,607,1,1,1
1130419,曲周县,607,1,1,1
1130420,高开区,607,1,1,1
1130501,桥东区,606,1,1,1
1130502,桥西区,606,1,1,1
1130503,南宫市,606,1,0,0
1130504,沙河市,606,1,1,1
1130505,邢台县,606,1,0,0
1130506,临城县,606,1,0,0
1130507,内丘县,606,1,0,0
1130508,柏乡县,606,1,0,0
1130509,隆尧县,606,1,0,0
1130510,任县,606,1,0,0
1130511,南和县,606,1,0,0
1130512,宁晋县,606,1,1,1
1130513,巨鹿县,606,1,0,0
1130514,新河县,606,1,0,0
1130515,广宗县,606,1,0,0
1130516,平乡县,606,1,0,0
1130517,威县,606,1,0,0
1130518,清河县,606,1,0,0
1130519,临西县,606,1,0,0
1130601,新市区,608,1,1,1
1130602,北市区,608,1,1,1
1130603,南市区,608,1,1,1
1130604,定州市,608,1,1,1
1130606,安国市,608,1,0,0
1130607,高碑店市,608,1,1,1
1130608,满城县,608,1,1,1
1130609,清苑县,608,1,1,1
1130610,易县,608,1,1,1
1130611,徐水县,608,1,1,1
1130612,涞源县,608,1,0,0
1130613,定兴县,608,1,1,1
1130614,顺平县,608,1,0,0
1130615,唐县,608,1,0,0
1130616,望都县,608,1,0,0
1130617,涞水县,608,1,1,1
1130618,高阳县,608,1,1,1
1130619,安新县,608,1,0,0
1130620,雄县,608,1,1,1
1130621,容城县,608,1,0,0
1130622,曲阳县,608,1,0,0
1130623,阜平县,608,1,0,0
1130624,博野县,608,1,0,0
1130625,蠡县,608,1,0,0
1130701,桥西区,602,1,1,1
1130702,桥东区,602,1,1,1
1130703,宣化区,602,1,0,0
1130704,下花园区,602,1,0,0
1130705,宣化县,602,1,0,0
1130706,张北县,602,1,0,0
1130707,康保县,602,1,0,0
1130708,沽源县,602,1,0,0
1130709,尚义县,602,1,0,0
1130710,蔚县,602,1,0,0
1130711,阳原县,602,1,0,0
1130712,怀安县,602,1,0,0
1130713,万全县,602,1,0,0
1130714,怀来县,602,1,0,0
1130715,涿鹿县,602,1,0,0
1130716,赤城县,602,1,0,0
1130717,崇礼县,602,1,0,0
1130718,高新区,602,1,1,1
1130801,双桥区,603,1,1,1
1130802,双滦区,603,1,1,1
1130803,鹰手营子矿区,603,1,0,0
1130804,承德县,603,1,0,0
1130805,兴隆县,603,1,0,0
1130806,平泉县,603,1,0,0
1130807,滦平县,603,1,0,0
1130808,隆化县,603,1,0,0
1130809,丰宁满族自治县,603,1,0,0
1130810,宽城满族自治县,603,1,0,0
1130811,围场满族蒙古族自治县,603,1,0,0
1130901,运河区,609,1,1,1
1130902,新华区,609,1,1,1
1130903,泊头市,609,1,1,1
1130904,任丘市,609,1,1,1
1130905,黄骅市,609,1,1,1
1130906,河间市,609,1,1,1
1130907,沧县,609,1,1,1
1130908,青县,609,1,1,1
1130909,东光县,609,1,0,0
1130910,海兴县,609,1,0,0
1130911,盐山县,609,1,1,1
1130912,肃宁县,609,1,1,1
1130913,南皮县,609,1,0,0
1130914,吴桥县,609,1,0,0
1130915,献县,609,1,0,0
1130916,孟村回族自治县,609,1,0,0
1131001,安次区,610,1,1,1
1131002,广阳区,610,1,1,1
1131003,霸州市,610,1,1,1
1131004,三河市,610,1,1,1
1131005,固安县,610,1,1,1
1131006,永清县,610,1,1,1
1131007,香河县,610,1,1,1
1131008,大城县,610,1,0,0
1131009,文安县,610,1,0,0
1131010,大厂回族自治县,610,1,0,0
1131101,桃城区,11311,1,1,1
1131102,冀州市,11311,1,1,1
1131103,深州市,11311,1,1,1
1131104,枣强县,11311,1,0,0
1131105,武邑县,11311,1,0,0
1131106,武强县,11311,1,0,0
1131107,饶阳县,11311,1,1,1
1131108,安平县,11311,1,1,1
1131109,故城县,11311,1,1,1
1131110,景县,11311,1,0,0
1131111,阜城县,11311,1,0,0
1140101,杏花岭区,1201,1,1,1
1140102,小店区,1201,1,1,1
1140103,迎泽区,1201,1,1,1
1140104,尖草坪区,1201,1,1,1
1140105,万柏林区,1201,1,1,1
1140106,晋源区,1201,1,1,1
1140110,娄烦县,1201,1,1,1
1140201,城区,1202,1,1,1
1140202,矿区,1202,1,0,0
1140203,南郊区,1202,1,0,0
1140204,新荣区,1202,1,0,0
1140205,阳高县,1202,1,0,0
1140206,天镇县,1202,1,1,1
1140207,广灵县,1202,1,1,1
1140208,灵丘县,1202,1,1,1
1140209,浑源县,1202,1,1,1
1140210,左云县,1202,1,0,0
1140211,大同县,1202,1,0,0
1140301,城区,1204,1,1,1
1140302,矿区,1204,1,0,0
1140303,郊区,1204,1,0,0
1140304,平定县,1204,1,1,1
1140305,盂县,1204,1,1,1
1140401,城区,1206,1,1,1
1140402,郊区,1206,1,0,0
1140403,潞城市,1206,1,1,1
1140404,长治县,1206,1,1,1
1140405,襄垣县,1206,1,1,1
1140406,屯留县,1206,1,0,0
1140407,平顺县,1206,1,0,0
1140408,黎城县,1206,1,1,1
1140409,壶关县,1206,1,1,1
1140410,长子县,1206,1,1,1
1140411,武乡县,1206,1,0,0
1140412,沁县,1206,1,0,0
1140413,沁源县,1206,1,1,1
1140501,城区,1205,1,1,1
1140502,高平市,1205,1,1,1
1140503,泽州县,1205,1,0,0
1140504,沁水县,1205,1,1,1
1140505,阳城县,1205,1,1,1
1140506,陵川县,1205,1,0,0
1140603,榆社县,1207,1,1,1
1140604,左权县,1207,1,1,1
1140605,和顺县,1207,1,1,1
1140606,昔阳县,1207,1,1,1
1140607,寿阳县,1207,1,1,1
1140611,灵石县,1207,1,1,1
1140701,盐湖区,1210,1,1,1
1140702,永济市,1210,1,0,0
1140703,河津市,1210,1,0,0
1140704,芮城县,1210,1,0,0
1140705,临猗县,1210,1,0,0
1140706,万荣县,1210,1,0,0
1140707,新绛县,1210,1,0,0
1140708,稷山县,1210,1,0,0
1140709,闻喜县,1210,1,0,0
1140710,夏县,1210,1,0,0
1140711,绛县,1210,1,0,0
1140712,平陆县,1210,1,0,0
1140713,垣曲县,1210,1,0,0
1140801,忻府区,1224,1,1,1
1140803,定襄县,1224,1,1,1
1140804,五台县,1224,1,0,0
1140805,代县,1224,1,1,1
1140806,繁峙县,1224,1,1,1
1140807,宁武县,1224,1,1,1
1140808,静乐县,1224,1,0,0
1140809,神池县,1224,1,1,1
1140810,五寨县,1224,1,0,0
1140811,岢岚县,1224,1,1,1
1140812,河曲县,1224,1,1,1
1140813,保德县,1224,1,1,1
1140814,偏关县,1224,1,1,1
1140901,尧都区,1211,1,1,1
1140903,霍州市,1211,1,1,1
1140904,曲沃县,1211,1,1,1
1140905,翼城县,1211,1,1,1
1140906,襄汾县,1211,1,1,1
1140907,洪洞县,1211,1,0,0
1140908,古县,1211,1,0,0
1140909,安泽县,1211,1,0,0
1140910,浮山县,1211,1,1,1
1140911,吉县,1211,1,0,0
1140912,乡宁县,1211,1,0,0
1140913,蒲县,1211,1,1,1
1140914,大宁县,1211,1,0,0
1140915,永和县,1211,1,0,0
1140916,隰县,1211,1,0,0
1140917,汾西县,1211,1,1,1
1141005,中阳县,11410,1,1,1
1141006,兴县,11410,1,1,1
1141007,临县,11410,1,0,0
1141008,方山县,11410,1,1,1
1141009,柳林县,11410,1,1,1
1141010,岚县,11410,1,0,0
1141011,交口县,11410,1,0,0
1141013,石楼县,11410,1,0,0
1141101,朔城区,1203,1,1,1
1141102,平鲁区,1203,1,0,0
1141103,山阴县,1203,1,1,1
1141104,应县,1203,1,1,1
1141105,右玉县,1203,1,0,0
1141106,怀仁县,1203,1,1,1
1150101,回民区,1001,1,1,1
1150102,新城区,1001,1,1,1
1150103,玉泉区,1001,1,1,1
1150104,赛罕区,1001,1,1,1
1150105,托克托县,1001,1,1,1
1150106,武川县,1001,1,1,1
1150107,和林格尔县,1001,1,0,0
1150108,清水河县,1001,1,0,0
1150109,土默特左旗,1001,1,1,1
1150110,经济开发区,1001,1,1,1
1150201,昆都仑区,1003,1,1,1
1150202,东河区,1003,1,1,1
1150203,青山区,1003,1,1,1
1150204,石拐区,1003,1,0,0
1150205,白云矿区,1003,1,0,0
1150206,九原区,1003,1,0,0
1150207,固阳县,1003,1,0,0
1150208,土默特右旗,1003,1,0,0
1150209,达尔罕茂明安联合旗,1003,1,0,0
1150301,红山区,1004,1,1,1
1150302,元宝山区,1004,1,0,0
1150303,松山区,1004,1,1,1
1150304,宁城县,1004,1,0,0
1150305,林西县,1004,1,0,0
1150306,阿鲁科尔沁旗,1004,1,0,0
1150307,巴林左旗,1004,1,0,0
1150308,巴林右旗,1004,1,0,0
1150309,克什克腾旗,1004,1,0,0
1150310,翁牛特旗,1004,1,0,0
1150311,喀喇沁旗,1004,1,0,0
1150312,敖汉旗,1004,1,0,0
1150313,新城区,1004,1,1,1
1150401,科尔沁区,1005,1,0,0
1150402,霍林郭勒市,1005,1,0,0
1150403,开鲁县,1005,1,0,0
1150404,库伦旗,1005,1,0,0
1150405,奈曼旗,1005,1,0,0
1150406,扎鲁特旗,1005,1,0,0
1150407,科尔沁左翼中旗,1005,1,0,0
1150408,科尔沁左翼后旗,1005,1,0,0
1150501,东胜区,11505,1,1,1
1150502,达拉特旗,11505,1,0,0
1150503,准格尔旗,11505,1,1,1
1150504,鄂托克前旗,11505,1,0,0
1150505,鄂托克旗,11505,1,0,0
1150506,杭锦旗,11505,1,0,0
1150507,乌审旗,11505,1,0,0
1150508,伊金霍洛旗,11505,1,0,0
1150601,海拉尔区,11506,1,0,0
1150603,扎兰屯市,11506,1,0,0
1150604,牙克石市,11506,1,0,0
1150605,根河市,11506,1,0,0
1150606,额尔古纳市,11506,1,0,0
1150607,阿荣旗,11506,1,0,0
1150608,新巴尔虎右旗,11506,1,0,0
1150609,新巴尔虎左旗,11506,1,0,0
1150610,陈巴尔虎旗,11506,1,0,0
1150611,鄂伦春自治旗,11506,1,0,0
1150612,鄂温克族自治旗,11506,1,0,0
1150613,莫力达瓦达斡尔族自治旗,11506,1,0,0
1150701,临河区,11507,1,1,1
1150702,五原县,11507,1,0,0
1150703,磴口县,11507,1,0,0
1150704,乌拉特前旗,11507,1,0,0
1150705,乌拉特中旗,11507,1,0,0
1150706,乌拉特后旗,11507,1,0,0
1150707,杭锦后旗,11507,1,1,1
1150801,集宁区,11508,1,1,1
1150802,丰镇市,11508,1,0,0
1150803,卓资县,11508,1,0,0
1150804,化德县,11508,1,0,0
1150805,商都县,11508,1,0,0
1150806,兴和县,11508,1,0,0
1150807,凉城县,11508,1,0,0
1150808,察哈尔右翼前旗,11508,1,0,0
1150809,察哈尔右翼中旗,11508,1,0,0
1150810,察哈尔右翼后旗,11508,1,0,0
1150811,四子王旗,11508,1,0,0
1150901,乌兰浩特市,11509,1,0,0
1150902,阿尔山市,11509,1,0,0
1150903,突泉县,11509,1,0,0
1150904,科尔沁右翼前旗,11509,1,0,0
1150905,科尔沁右翼中旗,11509,1,0,0
1150906,扎赉特旗,11509,1,0,0
1151001,锡林浩特市,11510,1,0,0
1151002,二连浩特市,11510,1,0,0
1151003,多伦县,11510,1,0,0
1151004,阿巴嘎旗,11510,1,0,0
1151005,苏尼特左旗,11510,1,0,0
1151006,苏尼特右旗,11510,1,0,0
1151007,东乌珠穆沁旗,11510,1,0,0
1151008,西乌珠穆沁旗,11510,1,0,0
1151009,太仆寺旗,11510,1,0,0
1151010,镶黄旗,11510,1,0,0
1151011,正镶白旗,11510,1,0,0
1151012,正蓝旗,11510,1,0,0
1151101,阿拉善左旗,11511,1,0,0
1151102,阿拉善右旗,11511,1,0,0
1151103,额济纳旗,11511,1,0,0
1151201,海勃湾区,1002,1,1,1
1151202,海南区,1002,1,0,0
1151203,乌达区,1002,1,0,0
1210101,沈河区,12,1,1,1
1210102,和平区,12,1,1,1
1210103,大东区,12,1,1,1
1210104,皇姑区,12,1,1,1
1210105,铁西区,12,1,1,1
1210106,苏家屯区,12,1,1,1
1210107,东陵区,12,1,1,1
1210108,沈北新区,12,1,0,0
1210109,于洪区,12,1,1,1
1210110,新民市,12,1,0,0
1210111,辽中县,12,1,1,1
1210112,康平县,12,1,0,0
1210113,法库县,12,1,0,0
1210114,浑南经济开发区,12,1,1,1
1210201,西岗区,906,1,1,1
1210202,中山区,906,1,1,1
1210203,沙河口区,906,1,1,1
1210204,甘井子区,906,1,1,1
1210205,旅顺口区,906,1,1,1
1210207,瓦房店市,906,1,1,1
1210208,普兰店市,906,1,1,1
1210210,长海县,906,1,0,0
1210211,开发区,906,1,1,1
1210301,铁东区,907,1,1,1
1210302,铁西区,907,1,1,1
1210303,立山区,907,1,1,1
1210304,千山区,907,1,1,1
1210305,海城市,907,1,1,1
1210306,台安县,907,1,1,1
1210307,岫岩满族自治县,907,1,0,0
1210401,顺城区,905,1,1,1
1210402,新抚区,905,1,1,1
1210403,东洲区,905,1,1,1
1210404,望花区,905,1,1,1
1210405,抚顺县,905,1,0,0
1210406,新宾满族自治县,905,1,1,1
1210407,清原满族自治县,905,1,1,1
1210501,平山区,915,1,1,1
1210502,溪湖区,915,1,1,1
1210503,明山区,915,1,1,1
1210504,南芬区,915,1,0,0
1210505,本溪满族自治县,915,1,1,1
1210506,桓仁满族自治县,915,1,0,0
1210601,振兴区,908,1,1,1
1210602,元宝区,908,1,1,1
1210603,振安区,908,1,1,1
1210604,凤城市,908,1,1,1
1210605,东港市,908,1,1,1
1210606,宽甸满族自治县,908,1,1,1
1210701,太和区,910,1,1,1
1210702,古塔区,910,1,1,1
1210703,凌河区,910,1,1,1
1210704,凌海市,910,1,0,0
1210705,北镇市,910,1,0,0
1210706,黑山县,910,1,0,0
1210707,义县,910,1,0,0
1210801,站前区,909,1,1,1
1210802,西市区,909,1,1,1
1210803,鲅鱼圈区,909,1,0,0
1210804,老边区,909,1,1,1
1210806,盖州市,909,1,0,0
1210901,白塔区,911,1,1,1
1210902,文圣区,911,1,1,1
1210903,宏伟区,911,1,1,1
1210904,弓长岭区,911,1,0,0
1210905,太子河区,911,1,1,1
1210906,灯塔市,911,1,0,0
1210907,辽阳县,911,1,0,0
1211001,兴隆台区,914,1,1,1
1211002,双台子区,914,1,1,1
1211003,大洼县,914,1,0,0
1211004,盘山县,914,1,0,0
1211101,银州区,904,1,1,1
1211102,清河区,904,1,1,1
1211103,调兵山市,904,1,1,1
1211104,开原市,904,1,1,1
1211105,铁岭县,904,1,0,0
1211106,西丰县,904,1,0,0
1211107,昌图县,904,1,1,1
1211201,双塔区,902,1,1,1
1211202,龙城区,902,1,1,1
1211203,北票市,902,1,1,1
1211204,凌源市,902,1,1,1
1211205,朝阳县,902,1,1,1
1211206,建平县,902,1,1,1
1211207,喀喇沁左翼蒙古族自治县,902,1,0,0
1211301,龙港区,912,1,1,1
1211302,连山区,912,1,1,1
1211303,南票区,912,1,0,0
1211304,兴城市,912,1,1,1
1211305,绥中县,912,1,1,1
1211306,建昌县,912,1,0,0
1211401,海州区,903,1,1,1
1211402,新邱区,903,1,1,1
1211403,太平区,903,1,1,1
1211404,清河门区,903,1,0,0
1211405,细河区,903,1,1,1
1211406,彰武县,903,1,0,0
1211407,阜新蒙古族自治县,903,1,1,1
1220101,朝阳区,801,1,1,1
1220102,南关区,801,1,1,1
1220103,宽城区,801,1,1,1
1220104,二道区,801,1,1,1
1220105,绿园区,801,1,1,1
1220106,双阳区,801,1,0,0
1220107,德惠市,801,1,1,1
1220108,九台市,801,1,1,1
1220109,榆树市,801,1,1,1
1220110,农安县,801,1,1,1
1220111,高新区,801,1,1,1
1220112,净月区,801,1,1,1
1220113,经开区,801,1,1,1
1220114,一汽厂区,801,1,1,1
1220201,船营区,804,1,1,1
1220202,龙潭区,804,1,1,1
1220203,昌邑区,804,1,1,1
1220204,丰满区,804,1,1,1
1220205,磐石市,804,1,1,1
1220206,蛟河市,804,1,0,0
1220207,桦甸市,804,1,1,1
1220208,舒兰市,804,1,1,1
1220209,永吉县,804,1,0,0
1220301,铁西区,805,1,1,1
1220302,铁东区,805,1,1,1
1220303,双辽市,805,1,0,0
1220304,公主岭市,805,1,0,0
1220305,梨树县,805,1,0,0
1220306,伊通满族自治县,805,1,0,0
1220401,龙山区,12204,1,1,1
1220402,西安区,12204,1,1,1
1220403,东丰县,12204,1,0,0
1220404,东辽县,12204,1,0,0
1220501,东昌区,807,1,1,1
1220502,二道江区,807,1,1,1
1220503,梅河口市,807,1,1,1
1220504,集安市,807,1,1,1
1220505,通化县,807,1,0,0
1220506,辉南县,807,1,0,0
1220507,柳河县,807,1,0,0
1220601,八道江区,12206,1,1,1
1220602,江源区,12206,1,0,0
1220603,临江市,12206,1,0,0
1220604,抚松县,12206,1,1,1
1220605,靖宇县,12206,1,0,0
1220606,长白朝鲜族自治县,12206,1,0,0
1220701,宁江区,803,1,1,1
1220702,扶余县,803,1,0,0
1220703,长岭县,803,1,0,0
1220704,乾安县,803,1,0,0
1220705,前郭尔罗斯蒙古族自治县,803,1,1,1
1220801,洮北区,802,1,1,1
1220802,洮南市,802,1,1,1
1220803,大安市,802,1,0,0
1220804,镇赉县,802,1,0,0
1220805,通榆县,802,1,0,0
1220902,图们市,12209,1,0,0
1220903,敦化市,12209,1,0,0
1220905,龙井市,12209,1,1,1
1220906,和龙市,12209,1,1,1
1220907,汪清县,12209,1,0,0
1220908,安图县,12209,1,0,0
1230101,松北区,701,1,1,1
1230102,道里区,701,1,1,1
1230103,南岗区,701,1,1,1
1230104,道外区,701,1,1,1
1230105,香坊区,701,1,1,1
1230106,平房区,701,1,1,1
1230107,呼兰区,701,1,1,1
1230108,阿城区,701,1,0,0
1230109,双城市,701,1,0,0
1230110,尚志市,701,1,0,0
1230111,五常市,701,1,0,0
1230112,依兰县,701,1,0,0
1230113,方正县,701,1,0,0
1230114,宾县,701,1,0,0
1230115,巴彦县,701,1,0,0
1230116,木兰县,701,1,0,0
1230117,通河县,701,1,0,0
1230118,延寿县,701,1,0,0
1230119,动力区,701,1,1,1
1230201,建华区,702,1,1,1
1230202,龙沙区,702,1,1,1
1230203,铁锋区,702,1,1,1
1230204,昂昂溪区,702,1,0,0
1230205,富拉尔基区,702,1,0,0
1230206,碾子山区,702,1,0,0
1230207,梅里斯达斡尔族区,702,1,0,0
1230208,讷河市,702,1,0,0
1230209,龙江县,702,1,0,0
1230210,依安县,702,1,0,0
1230211,泰来县,702,1,0,0
1230212,甘南县,702,1,0,0
1230213,富裕县,702,1,0,0
1230214,克山县,702,1,0,0
1230215,克东县,702,1,0,0
1230216,拜泉县,702,1,0,0
1230301,鸡冠区,708,1,0,0
1230302,恒山区,708,1,0,0
1230303,滴道区,708,1,0,0
1230304,梨树区,708,1,0,0
1230305,城子河区,708,1,0,0
1230306,麻山区,708,1,0,0
1230307,虎林市,708,1,0,0
1230308,密山市,708,1,0,0
1230309,鸡东县,708,1,0,0
1230401,兴山区,709,1,0,0
1230402,向阳区,709,1,0,0
1230403,工农区,709,1,0,0
1230404,南山区,709,1,0,0
1230405,兴安区,709,1,0,0
1230406,东山区,709,1,0,0
1230407,萝北县,709,1,0,0
1230408,绥滨县,709,1,0,0
1230501,尖山区,12305,1,0,0
1230502,岭东区,12305,1,0,0
1230503,四方台区,12305,1,0,0
1230504,宝山区,12305,1,0,0
1230505,集贤县,12305,1,0,0
1230506,友谊县,12305,1,0,0
1230507,宝清县,12305,1,0,0
1230508,饶河县,12305,1,0,0
1230601,萨尔图区,704,1,1,1
1230602,龙凤区,704,1,1,1
1230603,让胡路区,704,1,1,1
1230604,大同区,704,1,0,0
1230605,红岗区,704,1,0,0
1230606,肇州县,704,1,0,0
1230607,肇源县,704,1,0,0
1230608,林甸县,704,1,0,0
1230609,杜尔伯特蒙古族自治县,704,1,0,0
1230610,开发区,704,1,1,1
1230701,伊春区,705,1,0,0
1230702,南岔区,705,1,0,0
1230703,友好区,705,1,0,0
1230704,西林区,705,1,0,0
1230705,翠峦区,705,1,0,0
1230706,新青区,705,1,0,0
1230707,美溪区,705,1,0,0
1230708,金山屯区,705,1,0,0
1230709,五营区,705,1,0,0
1230710,乌马河区,705,1,0,0
1230711,汤旺河区,705,1,0,0
1230712,带岭区,705,1,0,0
1230713,乌伊岭区,705,1,0,0
1230714,红星区,705,1,0,0
1230715,上甘岭区,705,1,0,0
1230716,铁力市,705,1,0,0
1230717,嘉荫县,705,1,0,0
1230801,前进区,706,1,1,1
1230802,向阳区,706,1,1,1
1230803,东风区,706,1,1,1
1230804,郊区,706,1,0,0
1230805,同江市,706,1,0,0
1230806,富锦市,706,1,0,0
1230807,桦南县,706,1,0,0
1230808,桦川县,706,1,0,0
1230809,汤原县,706,1,0,0
1230810,抚远县,706,1,0,0
1230811,永红区,706,1,1,1
1230901,桃山区,12309,1,0,0
1230902,新兴区,12309,1,0,0
1230903,茄子河区,12309,1,0,0
1230904,勃利县,12309,1,0,0
1231001,爱民区,707,1,1,1
1231002,东安区,707,1,1,1
1231003,阳明区,707,1,1,1
1231004,西安区,707,1,1,1
1231005,穆棱市,707,1,0,0
1231006,绥芬河市,707,1,0,0
1231007,海林市,707,1,0,0
1231008,宁安市,707,1,0,0
1231009,东宁县,707,1,0,0
1231010,林口县,707,1,0,0
1231101,爱辉区,703,1,0,0
1231102,北安市,703,1,0,0
1231103,五大连池市,703,1,0,0
1231104,嫩江县,703,1,0,0
1231105,逊克县,703,1,0,0
1231106,孙吴县,703,1,0,0
1231201,北林区,12312,1,0,0
1231202,安达市,12312,1,0,0
1231203,肇东市,12312,1,0,0
1231204,海伦市,12312,1,0,0
1231205,望奎县,12312,1,0,0
1231206,兰西县,12312,1,0,0
1231207,青冈县,12312,1,0,0
1231208,庆安县,12312,1,0,0
1231209,明水县,12312,1,0,0
1231210,绥棱县,12312,1,0,0
1231301,呼玛县,12313,1,0,0
1231302,塔河县,12313,1,0,0
1231303,漠河县,12313,1,0,0
1310101,黄浦区,3,1,1,1
1310102,卢湾区,3,1,1,1
1310103,徐汇区,3,1,1,1
1310104,长宁区,3,1,1,1
1310105,静安区,3,1,1,1
1310106,普陀区,3,1,1,1
1310107,闸北区,3,1,1,1
1310108,虹口区,3,1,1,1
1310109,杨浦区,3,1,1,1
1310110,闵行区(浦江镇),3,1,1,1
1310111,宝山区,3,1,1,1
1310112,嘉定区,3,1,1,1
1310113,浦东新区,3,1,1,1
1310114,金山区,3,1,1,1
1310115,松江区,3,1,1,1
1310116,青浦区,3,1,1,1
1310117,南汇区,3,1,1,1
1310118,奉贤区,3,1,1,1
1310119,崇明县,3,1,0,0
1320101,玄武区,1601,1,1,1
1320102,白下区,1601,1,1,1
1320103,秦淮区,1601,1,1,1
1320104,建邺区,1601,1,1,1
1320105,鼓楼区,1601,1,1,1
1320106,下关区,1601,1,1,1
1320107,浦口区,1601,1,1,1
1320108,六合区,1601,1,1,1
1320109,栖霞区,1601,1,1,1
1320110,雨花台区,1601,1,1,1
1320111,江宁区,1601,1,1,1
1320112,溧水县,1601,1,0,0
1320113,高淳县,1601,1,1,1
1320114,高新开发区,1601,1,1,1
1320201,崇安区,1607,1,1,1
1320202,南长区,1607,1,1,1
1320203,北塘区,1607,1,1,1
1320204,滨湖区,1607,1,1,1
1320205,惠山区,1607,1,1,1
1320206,锡山区,1607,1,1,1
1320208,宜兴市,1607,1,1,1
1320209,新区,1607,1,1,1
1320301,云龙区,1603,1,1,1
1320302,鼓楼区,1603,1,1,1
1320303,九里区,1603,1,0,0
1320304,贾汪区,1603,1,0,0
1320305,泉山区,1603,1,1,1
1320307,新沂市,1603,1,0,0
1320308,铜山县,1603,1,0,0
1320309,睢宁县,1603,1,0,0
1320310,沛县,1603,1,0,0
1320311,丰县,1603,1,0,0
1320401,钟楼区,1608,1,1,1
1320402,天宁区,1608,1,1,1
1320403,戚墅堰区,1608,1,1,1
1320404,新北区,1608,1,1,1
1320405,武进区,1608,1,1,1
1320406,金坛市,1608,1,0,0
1320407,溧阳市,1608,1,0,0
1320501,金阊区,1602,1,1,1
1320502,沧浪区,1602,1,1,1
1320503,平江区,1602,1,1,1
1320504,虎丘区,1602,1,1,1
1320505,吴中区,1602,1,1,1
1320506,相城区,1602,1,1,1
1320507,吴江市,1602,1,1,1
1320509,太仓市,1602,1,1,1
1320510,常熟市,1602,1,1,1
1320511,高新区,1602,1,1,1
1320512,工业园区,1602,1,1,1
1320601,崇川区,1620,1,1,1
1320602,港闸区,1620,1,1,1
1320603,海门市,1620,1,0,0
1320604,启东市,1620,1,0,0
1320605,通州市,1620,1,0,0
1320606,如皋市,1620,1,0,0
1320607,如东县,1620,1,0,0
1320608,海安县,1620,1,0,0
1320609,经济开发区,1620,1,1,1
1320701,新浦区,1604,1,1,1
1320702,连云区,1604,1,1,1
1320703,海州区,1604,1,1,1
1320704,赣榆县,1604,1,0,0
1320705,灌云县,1604,1,0,0
1320706,东海县,1604,1,0,0
1320707,灌南县,1604,1,0,0
1320801,清河区,1606,1,1,1
1320802,清浦区,1606,1,1,1
1320803,楚州区,1606,1,0,0
1320805,金湖县,1606,1,0,0
1320806,盱眙县,1606,1,0,0
1320807,洪泽县,1606,1,0,0
1320808,涟水县,1606,1,0,0
1320809,经济开发区,1606,1,1,1
1320901,亭湖区,13209,1,1,1
1320902,盐都区,13209,1,1,1
1320903,东台市,13209,1,0,0
1320904,大丰市,13209,1,0,0
1320905,射阳县,13209,1,0,0
1320906,阜宁县,13209,1,0,0
1320907,滨海县,13209,1,0,0
1320908,响水县,13209,1,0,0
1320909,建湖县,13209,1,0,0
1321001,维扬区,1610,1,1,1
1321002,广陵区,1610,1,1,1
1321003,邗江区,1610,1,1,1
1321004,仪征市,1610,1,0,0
1321006,高邮市,1610,1,0,0
1321007,宝应县,1610,1,0,0
1321008,开发区,1610,1,1,1
1321101,京口区,1609,1,1,1
1321102,润州区,1609,1,1,1
1321104,扬中市,1609,1,0,0
1321106,句容市,1609,1,0,0
1321201,海陵区,1612,1,1,1
1321202,高港区,1612,1,1,1
1321301,宿城区,1605,1,1,1
1321302,宿豫区,1605,1,1,1
1321304,泗阳县,1605,1,0,0
1321305,泗洪县,1605,1,0,0
1330101,上城区,1901,1,1,1
1330102,下城区,1901,1,1,1
1330103,江干区,1901,1,1,1
1330104,拱墅区,1901,1,1,1
1330105,西湖区,1901,1,1,1
1330107,萧山区,1901,1,1,1
1330108,余杭区,1901,1,1,1
1330109,下沙经济开发区,1901,1,1,1
1330201,海曙区,1905,1,1,1
1330202,江东区,1905,1,1,1
1330203,江北区,1905,1,1,1
1330204,北仑区,1905,1,1,1
1330205,镇海区,1905,1,1,1
1330206,鄞州区,1905,1,1,1
1330209,奉化市,1905,1,1,1
1330210,科技园区,1905,1,1,1
1330301,鹿城区,1906,1,1,1
1330302,龙湾区,1906,1,1,1
1330303,瓯海区,1906,1,1,1
1330306,洞头县,1906,1,0,0
1330308,平阳县,1906,1,1,1
1330309,苍南县,1906,1,1,1
1330310,文成县,1906,1,0,0
1330311,泰顺县,1906,1,0,0
1330401,南湖区,1903,1,1,1
1330402,秀城区,1903,1,1,1
1330501,吴兴区,1902,1,1,1
1330502,南浔区,1902,1,1,1
1330601,越城区,1914,1,1,1
1330605,绍兴县,1914,1,1,1
1330701,婺城区,1910,1,1,1
1330702,金东区,1910,1,1,1
1330707,武义县,1910,1,1,1
1330709,磐安县,1910,1,0,0
1330801,柯城区,1908,1,0,0
1330802,衢江区,1908,1,1,1
1330804,常山县,1908,1,1,1
1330805,开化县,1908,1,1,1
1330806,龙游县,1908,1,1,1
1330901,定海区,1904,1,0,0
1330902,普陀区,1904,1,0,0
1330903,岱山县,1904,1,0,0
1330904,嵊泗县,1904,1,0,0
1331006,三门县,1939,1,0,0
1331009,玉环县,1939,1,1,1
1331101,莲都区,1943,1,1,1
1331102,龙泉市,1943,1,0,0
1331103,缙云县,1943,1,1,1
1331104,青田县,1943,1,1,1
1331105,云和县,1943,1,0,0
1331106,遂昌县,1943,1,0,0
1331107,松阳县,1943,1,0,0
1331108,庆元县,1943,1,0,0
1331109,景宁畲族自治县,1943,1,0,0
1340101,庐阳区,1501,1,1,1
1340102,瑶海区,1501,1,1,1
1340103,蜀山区,1501,1,1,1
1340104,包河区,1501,1,1,1
1340105,长丰县,1501,1,1,1
1340106,肥东县,1501,1,1,1
1340107,肥西县,1501,1,1,1
1340201,镜湖区,1508,1,1,1
1340202,弋江区,1508,1,1,1
1340203,三山区,1508,1,1,1
1340204,鸠江区,1508,1,1,1
1340205,芜湖县,1508,1,1,1
1340206,繁昌县,1508,1,1,1
1340207,南陵县,1508,1,1,1
1340208,高新区,1508,1,1,1
1340209,经济开发区,1508,1,1,1
1340301,蚌山区,1506,1,1,1
1340302,龙子湖区,1506,1,1,1
1340303,禹会区,1506,1,1,1
1340304,淮上区,1506,1,1,1
1340305,怀远县,1506,1,1,1
1340306,五河县,1506,1,0,0
1340307,固镇县,1506,1,0,0
1340308,高新技术开发区,1506,1,1,1
1340309,经济开发区,1506,1,1,1
1340401,田家庵区,1503,1,1,1
1340402,大通区,1503,1,1,1
1340403,谢家集区,1503,1,1,1
1340404,八公山区,1503,1,0,0
1340405,潘集区,1503,1,1,1
1340406,凤台县,1503,1,0,0
1340407,开发区,1503,1,1,1
1340501,雨山区,1510,1,1,1
1340502,花山区,1510,1,1,1
1340503,金家庄区,1510,1,1,1
1340504,当涂县,1510,1,1,1
1340505,经济技术开发区,1510,1,1,1
1340601,相山区,1502,1,1,1
1340602,杜集区,1502,1,1,1
1340603,烈山区,1502,1,1,1
1340604,濉溪县,1502,1,1,1
1340605,南湖开发区,1502,1,1,1
1340701,铜官山区,1514,1,1,1
1340702,狮子山区,1514,1,1,1
1340703,郊区,1514,1,0,0
1340704,铜陵县,1514,1,1,1
1340801,迎江区,1516,1,1,1
1340802,大观区,1516,1,1,1
1340804,桐城市,1516,1,1,1
1340805,怀宁县,1516,1,0,0
1340806,枞阳县,1516,1,0,0
1340807,潜山县,1516,1,0,0
1340808,太湖县,1516,1,0,0
1340809,宿松县,1516,1,1,1
1340810,望江县,1516,1,1,1
1340811,岳西县,1516,1,0,0
1340813,宜秀区,1516,1,1,1
1340814,开发区,1516,1,1,1
1340901,屯溪区,1507,1,1,1
1340902,黄山区,1507,1,0,0
1340903,徽州区,1507,1,0,0
1340904,歙县,1507,1,0,0
1340905,休宁县,1507,1,0,0
1340906,黟县,1507,1,0,0
1340907,祁门县,1507,1,0,0
1341001,琅琊区,1505,1,1,1
1341002,南谯区,1505,1,1,1
1341004,天长市,1505,1,1,1
1341005,来安县,1505,1,0,0
1341006,全椒县,1505,1,1,1
1341007,定远县,1505,1,1,1
1341008,凤阳县,1505,1,1,1
1341009,经济开发区,1505,1,1,1
1341010,扬子工业开发区,1505,1,1,1
1341101,颍州区,1513,1,1,1
1341102,颍东区,1513,1,1,1
1341103,颍泉区,1513,1,1,1
1341104,界首市,1513,1,1,1
1341105,临泉县,1513,1,1,1
1341106,太和县,1513,1,1,1
1341107,阜南县,1513,1,1,1
1341108,颍上县,1513,1,1,1
1341109,经济技术开发区,1513,1,1,1
1341201,埇桥区,1509,1,1,1
1341202,砀山县,1509,1,0,0
1341203,萧县,1509,1,0,0
1341204,灵璧县,1509,1,0,0
1341205,泗县,1509,1,1,1
1341206,经济技术开发区,1509,1,1,1
1341301,居巢区,1511,1,1,1
1341302,庐江县,1511,1,0,0
1341303,无为县,1511,1,1,1
1341304,含山县,1511,1,0,0
1341305,和县,1511,1,0,0
1341306,民营开发区,1511,1,1,1
1341401,金安区,1521,1,1,1
1341402,裕安区,1521,1,1,1
1341403,寿县,1521,1,0,0
1341404,霍邱县,1521,1,0,0
1341405,舒城县,1521,1,1,1
1341406,金寨县,1521,1,0,0
1341407,霍山县,1521,1,1,1
1341408,经济开发区,1521,1,1,1
1341501,谯城区,1504,1,1,1
1341502,涡阳县,1504,1,1,1
1341503,蒙城县,1504,1,1,1
1341504,利辛县,1504,1,1,1
1341602,东至县,1519,1,0,0
1341603,石台县,1519,1,0,0
1341604,青阳县,1519,1,0,0
1341701,宣州区,1515,1,1,1
1341702,宁国市,1515,1,1,1
1341703,郎溪县,1515,1,0,0
1341704,广德县,1515,1,0,0
1341705,泾县,1515,1,0,0
1341706,旌德县,1515,1,0,0
1341707,绩溪县,1515,1,1,1
1350101,鼓楼区,2101,1,1,1
1350102,台江区,2101,1,1,1
1350103,仓山区,2101,1,1,1
1350104,马尾区,2101,1,1,1
1350105,晋安区,2101,1,1,1
1350201,思明区,2105,1,1,1
1350202,海沧区,2105,1,1,1
1350203,湖里区,2105,1,1,1
1350204,集美区,2105,1,1,1
1350205,同安区,2105,1,1,1
1350206,翔安区,2105,1,1,1
1350301,城厢区,2103,1,1,1
1350302,涵江区,2103,1,1,1
1350303,荔城区,2103,1,1,1
1350304,秀屿区,2103,1,1,1
1350305,仙游县,2103,1,1,1
1350401,梅列区,2102,1,1,1
1350402,三元区,2102,1,1,1
1350501,丰泽区,2104,1,1,1
1350502,鲤城区,2104,1,1,1
1350503,洛江区,2104,1,1,1
1350504,泉港区,2104,1,1,1
1350507,南安市,2104,1,1,1
1350508,惠安县,2104,1,1,1
1350509,安溪县,2104,1,1,1
1350510,永春县,2104,1,1,1
1350511,德化县,2104,1,1,1
1350512,金门县,2104,1,0,0
1350601,芗城区,2106,1,1,1
1350602,龙文区,2106,1,1,1
1350603,龙海市,2106,1,1,1
1350604,云霄县,2106,1,1,1
1350605,漳浦县,2106,1,1,1
1350606,诏安县,2106,1,1,1
1350607,长泰县,2106,1,1,1
1350608,东山县,2106,1,1,1
1350611,华安县,2106,1,1,1
1350701,延平区,2107,1,1,1
1350702,邵武市,2107,1,1,1
1350705,建阳市,2107,1,1,1
1350706,顺昌县,2107,1,1,1
1350707,浦城县,2107,1,1,1
1350708,光泽县,2107,1,1,1
1350709,松溪县,2107,1,1,1
1350710,政和县,2107,1,1,1
1350801,新罗区,2113,1,1,1
1350804,永定县,2113,1,1,1
1350806,武平县,2113,1,1,1
1350901,蕉城区,2109,1,1,1
1350902,福安市,2109,1,1,1
1350904,寿宁县,2109,1,1,1
1350905,霞浦县,2109,1,1,1
1350906,柘荣县,2109,1,1,1
1350907,屏南县,2109,1,1,1
1350908,古田县,2109,1,1,1
1350909,周宁县,2109,1,1,1
1360101,东湖区,2001,1,1,1
1360102,西湖区,2001,1,1,1
1360103,青云谱区,2001,1,1,1
1360105,青山湖区,2001,1,1,1
1360108,安义县,2001,1,0,0
1360109,进贤县,2001,1,0,0
1360110,高新技术开发区,2001,1,1,1
1360111,红谷滩新区,2001,1,1,1
1360112,昌北经济技术开发区,2001,1,1,1
1360201,珠山区,2003,1,1,1
1360202,昌江区,2003,1,1,1
1360203,乐平市,2003,1,0,0
1360204,浮梁县,2003,1,0,0
1360301,安源区,2006,1,0,0
1360302,湘东区,2006,1,0,0
1360303,莲花县,2006,1,0,0
1360304,上栗县,2006,1,0,0
1360305,芦溪县,2006,1,0,0
1360401,浔阳区,2002,1,1,1
1360402,庐山区,2002,1,1,1
1360403,瑞昌市,2002,1,0,0
1360404,九江县,2002,1,0,0
1360405,武宁县,2002,1,0,0
1360406,修水县,2002,1,0,0
1360407,永修县,2002,1,0,0
1360408,德安县,2002,1,0,0
1360409,星子县,2002,1,0,0
1360410,都昌县,2002,1,0,0
1360411,湖口县,2002,1,0,0
1360412,彭泽县,2002,1,0,0
1360501,渝水区,2005,1,1,1
1360502,分宜县,2005,1,0,0
1360601,月湖区,2004,1,0,0
1360603,余江县,2004,1,0,0
1360701,章贡区,2008,1,1,1
1360702,瑞金市,2008,1,0,0
1360703,南康市,2008,1,0,0
1360704,赣县,2008,1,0,0
1360705,信丰县,2008,1,0,0
1360706,大余县,2008,1,0,0
1360707,上犹县,2008,1,0,0
1360708,崇义县,2008,1,0,0
1360709,安远县,2008,1,0,0
1360710,龙南县,2008,1,0,0
1360711,定南县,2008,1,0,0
1360712,全南县,2008,1,0,0
1360713,宁都县,2008,1,0,0
1360714,于都县,2008,1,0,0
1360715,兴国县,2008,1,0,0
1360716,会昌县,2008,1,0,0
1360717,寻乌县,2008,1,0,0
1360718,石城县,2008,1,0,0
1360801,吉州区,2007,1,0,0
1360802,青原区,2007,1,0,0
1360804,吉安县,2007,1,0,0
1360805,吉水县,2007,1,0,0
1360806,峡江县,2007,1,0,0
1360807,新干县,2007,1,0,0
1360808,永丰县,2007,1,0,0
1360809,泰和县,2007,1,0,0
1360810,遂川县,2007,1,0,0
1360811,万安县,2007,1,0,0
1360812,安福县,2007,1,0,0
1360813,永新县,2007,1,0,0
1360901,袁州区,2012,1,1,1
1360902,丰城市,2012,1,0,0
1360903,樟树市,2012,1,0,0
1360904,高安市,2012,1,1,1
1360905,奉新县,2012,1,0,0
1360906,万载县,2012,1,0,0
1360907,上高县,2012,1,0,0
1360908,宜丰县,2012,1,0,0
1360909,靖安县,2012,1,0,0
1360910,铜鼓县,2012,1,0,0
1361001,临川区,2009,1,1,1
1361002,南城县,2009,1,0,0
1361003,黎川县,2009,1,0,0
1361004,南丰县,2009,1,0,0
1361005,崇仁县,2009,1,0,0
1361006,乐安县,2009,1,0,0
1361007,宜黄县,2009,1,0,0
1361008,金溪县,2009,1,0,0
1361009,资溪县,2009,1,0,0
1361010,东乡县,2009,1,0,0
1361011,广昌县,2009,1,0,0
1361101,信州区,2011,1,0,0
1361102,德兴市,2011,1,0,0
1361103,上饶县,2011,1,0,0
1361104,广丰县,2011,1,0,0
1361105,玉山县,2011,1,0,0
1361106,铅山县,2011,1,0,0
1361107,横峰县,2011,1,0,0
1361108,弋阳县,2011,1,0,0
1361109,余干县,2011,1,0,0
1361110,鄱阳县,2011,1,0,0
1361111,万年县,2011,1,0,0
1361112,婺源县,2011,1,0,0
1370101,市中区,1101,1,1,1
1370102,历下区,1101,1,1,1
1370103,槐荫区,1101,1,1,1
1370104,天桥区,1101,1,1,1
1370105,历城区,1101,1,1,1
1370106,长清区,1101,1,1,1
1370107,章丘市,1101,1,1,1
1370108,平阴县,1101,1,1,1
1370109,济阳县,1101,1,1,1
1370110,商河县,1101,1,1,1
1370111,高新区,1101,1,1,1
1370201,市南区,1106,1,1,1
1370202,市北区,1106,1,1,1
1370203,四方区,1106,1,1,1
1370204,黄岛区,1106,1,1,1
1370205,崂山区,1106,1,1,1
1370206,城阳区,1106,1,1,1
1370207,李沧区,1106,1,1,1
1370208,胶州市,1106,1,1,1
1370210,平度市,1106,1,1,1
1370211,胶南市,1106,1,1,1
1370212,莱西市,1106,1,1,1
1370301,张店区,1104,1,1,1
1370302,淄川区,1104,1,1,1
1370303,博山区,1104,1,1,1
1370304,临淄区,1104,1,1,1
1370305,周村区,1104,1,1,1
1370306,桓台县,1104,1,1,1
1370307,高青县,1104,1,1,1
1370308,沂源县,1104,1,1,1
1370401,市中区,13704,1,1,1
1370402,薛城区,13704,1,1,1
1370403,峄城区,13704,1,1,1
1370404,台儿庄区,13704,1,1,1
1370405,山亭区,13704,1,0,0
1370406,滕州市,13704,1,1,1
1370501,东营区,1105,1,1,1
1370502,河口区,1105,1,1,1
1370503,垦利县,1105,1,1,1
1370504,利津县,1105,1,1,1
1370505,广饶县,1105,1,1,1
1370601,莱山区,1110,1,1,1
1370602,芝罘区,1110,1,1,1
1370603,福山区,1110,1,1,1
1370604,牟平区,1110,1,1,1
1370605,栖霞市,1110,1,1,1
1370606,海阳市,1110,1,1,1
1370607,龙口市,1110,1,1,1
1370609,莱州市,1110,1,1,1
1370610,蓬莱市,1110,1,1,1
1370612,长岛县,1110,1,0,0
1370613,开发区,1110,1,1,1
1370801,潍城区,1103,1,1,1
1370802,寒亭区,1103,1,1,1
1370803,坊子区,1103,1,1,1
1370804,奎文区,1103,1,1,1
1370805,安丘市,1103,1,1,1
1370806,昌邑市,1103,1,1,1
1370807,高密市,1103,1,1,1
1370808,青州市,1103,1,1,1
1370809,诸城市,1103,1,1,1
1370810,寿光市,1103,1,1,1
1370811,临朐县,1103,1,1,1
1370812,昌乐县,1103,1,1,1
1370901,环翠区,1113,1,1,1
1370902,文登市,1113,1,1,1
1370903,荣成市,1113,1,1,1
1370904,乳山市,1113,1,1,1
1370905,高新技术产业开发区,1113,1,1,1
1371001,市中区,13710,1,1,1
1371002,任城区,13710,1,1,1
1371003,曲阜市,13710,1,1,1
1371004,兖州市,13710,1,1,1
1371005,邹城市,13710,1,1,1
1371006,微山县,13710,1,1,1
1371007,鱼台县,13710,1,1,1
1371008,金乡县,13710,1,1,1
1371009,嘉祥县,13710,1,1,1
1371010,汶上县,13710,1,1,1
1371011,泗水县,13710,1,1,1
1371012,梁山县,13710,1,1,1
1371101,泰山区,13711,1,1,1
1371102,岱岳区,13711,1,1,1
1371103,新泰市,13711,1,1,1
1371104,肥城市,13711,1,1,1
1371105,宁阳县,13711,1,1,1
1371106,东平县,13711,1,1,1
1371201,东港区,1108,1,1,1
1371202,岚山区,1108,1,1,1
1371203,五莲县,1108,1,1,1
1371204,莒县,1108,1,1,1
1371205,开发区,1108,1,0,0
1371301,莱城区,1112,1,1,1
1371302,钢城区,1112,1,1,1
1371303,开发区,1112,1,1,1
1371401,兰山区,1107,1,1,1
1371402,罗庄区,1107,1,1,1
1371403,河东区,1107,1,1,1
1371404,郯城县,1107,1,1,1
1371405,苍山县,1107,1,1,1
1371406,莒南县,1107,1,1,1
1371407,沂水县,1107,1,1,1
1371408,蒙阴县,1107,1,1,1
1371409,平邑县,1107,1,1,1
1371410,费县,1107,1,1,1
1371411,沂南县,1107,1,1,1
1371412,临沭县,1107,1,1,1
1371501,德城区,1102,1,1,1
1371502,乐陵市,1102,1,1,1
1371503,禹城市,1102,1,1,1
1371504,陵县,1102,1,1,1
1371505,平原县,1102,1,1,1
1371506,夏津县,1102,1,1,1
1371507,武城县,1102,1,1,1
1371508,齐河县,1102,1,1,1
1371509,临邑县,1102,1,1,1
1371510,宁津县,1102,1,1,1
1371511,庆云县,1102,1,1,1
1371601,东昌府区,1115,1,1,1
1371602,临清市,1115,1,1,1
1371603,阳谷县,1115,1,1,1
1371604,莘县,1115,1,1,1
1371605,茌平县,1115,1,1,1
1371606,东阿县,1115,1,1,1
1371607,冠县,1115,1,1,1
1371608,高唐县,1115,1,1,1
1371701,滨城区,1109,1,1,1
1371702,惠民县,1109,1,1,1
1371703,阳信县,1109,1,1,1
1371704,无棣县,1109,1,1,1
1371705,沾化县,1109,1,1,1
1371706,博兴县,1109,1,1,1
1371707,邹平县,1109,1,1,1
1371801,牡丹区,13718,1,1,1
1371802,曹县,13718,1,1,1
1371803,定陶县,13718,1,1,1
1371804,成武县,13718,1,1,1
1371805,单县,13718,1,1,1
1371806,巨野县,13718,1,1,1
1371807,郓城县,13718,1,1,1
1371808,鄄城县,13718,1,1,1
1371809,东明县,13718,1,1,1
1410101,中原区,1401,1,1,1
1410102,二七区,1401,1,1,1
1410103,管城回族区,1401,1,1,1
1410104,金水区,1401,1,1,1
1410105,上街区,1401,1,1,1
1410106,惠济区,1401,1,1,1
1410107,新郑市,1401,1,1,1
1410108,登封市,1401,1,1,1
1410109,新密市,1401,1,1,1
1410110,巩义市,1401,1,1,1
1410111,荥阳市,1401,1,1,1
1410112,中牟县,1401,1,1,1
1410113,郑东新区,1401,1,1,1
1410114,经济技术开发区,1401,1,1,1
1410115,高新技术开发区,1401,1,1,1
1410116,出口加工区,1401,1,1,1
1410201,鼓楼区,1408,1,1,1
1410202,龙亭区,1408,1,1,1
1410203,顺河回族区,1408,1,1,1
1410204,禹王台区,1408,1,1,1
1410205,金明区,1408,1,1,1
1410206,杞县,1408,1,1,1
1410207,通许县,1408,1,1,1
1410208,尉氏县,1408,1,1,1
1410209,开封县,1408,1,1,1
1410210,兰考县,1408,1,1,1
1410301,西工区,1403,1,1,1
1410302,老城区,1403,1,1,1
1410303,瀍河回族区,1403,1,1,1
1410304,涧西区,1403,1,1,1
1410305,吉利区,1403,1,1,1
1410306,洛龙区,1403,1,1,1
1410307,偃师市,1403,1,1,1
1410308,孟津县,1403,1,0,0
1410309,新安县,1403,1,1,1
1410310,栾川县,1403,1,0,0
1410311,嵩县,1403,1,1,1
1410312,汝阳县,1403,1,1,1
1410313,宜阳县,1403,1,1,1
1410314,洛宁县,1403,1,0,0
1410315,伊川县,1403,1,1,1
1410316,高新技术开发区,1403,1,1,1
1410401,新华区,1413,1,1,1
1410402,卫东区,1413,1,1,1
1410403,湛河区,1413,1,1,1
1410404,石龙区,1413,1,1,1
1410405,舞钢市,1413,1,1,1
1410406,汝州市,1413,1,1,1
1410407,宝丰县,1413,1,1,1
1410408,叶县,1413,1,1,1
1410409,鲁山县,1413,1,1,1
1410410,郏县,1413,1,1,1
1410411,新城区,1413,1,1,1
1410501,山阳区,1404,1,1,1
1410502,解放区,1404,1,1,1
1410503,中站区,1404,1,1,1
1410504,马村区,1404,1,1,1
1410505,孟州市,1404,1,1,1
1410506,沁阳市,1404,1,1,1
1410507,修武县,1404,1,1,1
1410508,博爱县,1404,1,1,1
1410509,武陟县,1404,1,1,1
1410510,温县,1404,1,1,1
1410601,淇滨区,1411,1,1,1
1410602,山城区,1411,1,1,1
1410603,鹤山区,1411,1,1,1
1410604,浚县,1411,1,1,1
1410605,淇县,1411,1,1,1
1410701,卫滨区,1405,1,1,1
1410702,红旗区,1405,1,1,1
1410703,凤泉区,1405,1,1,1
1410704,牧野区,1405,1,1,1
1410705,卫辉市,1405,1,1,1
1410706,辉县市,1405,1,1,1
1410707,新乡县,1405,1,1,1
1410708,获嘉县,1405,1,1,1
1410709,原阳县,1405,1,1,1
1410710,延津县,1405,1,1,1
1410711,封丘县,1405,1,1,1
1410712,长垣县,1405,1,1,1
1410801,北关区,1406,1,1,1
1410802,文峰区,1406,1,1,1
1410803,殷都区,1406,1,1,1
1410804,龙安区,1406,1,1,1
1410805,林州市,1406,1,1,1
1410806,安阳县,1406,1,1,1
1410807,汤阴县,1406,1,1,1
1410808,滑县,1406,1,1,1
1410809,内黄县,1406,1,1,1
1410901,华龙区,1414,1,1,1
1410902,清丰县,1414,1,1,1
1410903,南乐县,1414,1,1,1
1410904,范县,1414,1,1,1
1410905,台前县,1414,1,1,1
1410906,濮阳县,1414,1,1,1
1411001,魏都区,1409,1,1,1
1411002,禹州市,1409,1,1,1
1411003,长葛市,1409,1,1,1
1411004,许昌县,1409,1,0,0
1411005,鄢陵县,1409,1,1,1
1411006,襄城县,1409,1,1,1
1411101,源汇区,1407,1,1,1
1411102,郾城区,1407,1,1,1
1411103,召陵区,1407,1,1,1
1411104,舞阳县,1407,1,1,1
1411105,临颍县,1407,1,1,1
1411201,湖滨区,1402,1,1,1
1411202,义马市,1402,1,1,1
1411203,灵宝市,1402,1,0,0
1411204,渑池县,1402,1,1,1
1411205,陕县,1402,1,1,1
1411206,卢氏县,1402,1,0,0
1411301,卧龙区,1415,1,1,1
1411302,宛城区,1415,1,1,1
1411303,邓州市,1415,1,1,1
1411304,南召县,1415,1,0,0
1411305,方城县,1415,1,0,0
1411306,西峡县,1415,1,0,0
1411307,镇平县,1415,1,1,1
1411308,内乡县,1415,1,0,0
1411309,淅川县,1415,1,1,1
1411310,社旗县,1415,1,1,1
1411311,唐河县,1415,1,1,1
1411312,新野县,1415,1,1,1
1411313,桐柏县,1415,1,1,1
1411314,南阳油田,1415,1,1,1
1411401,梁园区,1412,1,1,1
1411402,睢阳区,1412,1,1,1
1411403,永城市,1412,1,1,1
1411404,虞城县,1412,1,1,1
1411405,民权县,1412,1,1,1
1411406,宁陵县,1412,1,0,0
1411407,睢县,1412,1,0,0
1411408,夏邑县,1412,1,1,1
1411409,柘城县,1412,1,1,1
1411501,浉河区,1410,1,1,1
1411502,平桥区,1410,1,1,1
1411503,息县,1410,1,0,0
1411504,淮滨县,1410,1,0,0
1411505,潢川县,1410,1,1,1
1411506,光山县,1410,1,1,1
1411507,固始县,1410,1,1,1
1411508,商城县,1410,1,0,0
1411509,罗山县,1410,1,0,0
1411510,新县,1410,1,0,0
1411601,川汇区,14116,1,1,1
1411602,项城市,14116,1,1,1
1411603,扶沟县,14116,1,1,1
1411604,西华县,14116,1,1,1
1411605,商水县,14116,1,1,1
1411606,太康县,14116,1,1,1
1411607,鹿邑县,14116,1,1,1
1411608,郸城县,14116,1,1,1
1411609,淮阳县,14116,1,1,1
1411610,沈丘县,14116,1,1,1
1411701,驿城区,1416,1,1,1
1411702,确山县,1416,1,1,1
1411703,泌阳县,1416,1,1,1
1411704,遂平县,1416,1,1,1
1411705,西平县,1416,1,1,1
1411706,上蔡县,1416,1,1,1
1411707,汝南县,1416,1,1,1
1411708,平舆县,1416,1,1,1
1411709,新蔡县,1416,1,1,1
1411710,正阳县,1416,1,1,1
1420101,江岸区,16,1,1,1
1420102,江汉区,16,1,1,1
1420103,硚口区,16,1,1,1
1420104,汉阳区,16,1,1,1
1420105,武昌区,16,1,1,1
1420106,青山区,16,1,1,1
1420107,洪山区,16,1,1,1
1420108,东西湖区,16,1,1,1
1420109,汉南区,16,1,1,1
1420110,蔡甸区,16,1,1,1
1420111,江夏区,16,1,1,1
1420112,黄陂区,16,1,1,1
1420113,新洲区,16,1,1,1
1420201,黄石港区,1708,1,1,1
1420202,西塞山区,1708,1,1,1
1420203,下陆区,1708,1,1,1
1420204,铁山区,1708,1,1,1
1420205,大冶市,1708,1,1,1
1420206,阳新县,1708,1,1,1
1420301,襄城区,1706,1,1,1
1420302,樊城区,1706,1,1,1
1420303,襄阳区,1706,1,1,1
1420304,老河口市,1706,1,1,1
1420305,枣阳市,1706,1,1,1
1420306,宜城市,1706,1,1,1
1420307,南漳县,1706,1,1,1
1420308,谷城县,1706,1,1,1
1420309,保康县,1706,1,1,1
1420401,张湾区,1702,1,1,1
1420402,茅箭区,1702,1,1,1
1420403,丹江口市,1702,1,1,1
1420404,郧县,1702,1,0,0
1420405,竹山县,1702,1,0,0
1420406,房县,1702,1,0,0
1420407,郧西县,1702,1,0,0
1420408,竹溪县,1702,1,0,0
1420501,沙市区,1714,1,1,1
1420502,荆州区,1714,1,1,1
1420503,石首市,1714,1,1,1
1420504,洪湖市,1714,1,1,1
1420505,松滋市,1714,1,1,1
1420506,江陵县,1714,1,1,1
1420507,公安县,1714,1,1,1
1420508,监利县,1714,1,1,1
1420509,城南开发区,1714,1,1,1
1420601,西陵区,1709,1,1,1
1420602,伍家岗区,1709,1,1,1
1420603,点军区,1709,1,1,1
1420604,猇亭区,1709,1,1,1
1420605,夷陵区,1709,1,1,1
1420606,枝江市,1709,1,1,1
1420607,宜都市,1709,1,1,1
1420608,当阳市,1709,1,1,1
1420609,远安县,1709,1,1,1
1420610,兴山县,1709,1,0,0
1420611,秭归县,1709,1,1,1
1420612,长阳土家族自治县,1709,1,1,1
1420613,五峰土家族自治县,1709,1,1,1
1420614,东山开发区,1709,1,1,1
1420701,东宝区,1704,1,1,1
1420702,掇刀区,1704,1,1,1
1420703,钟祥市,1704,1,1,1
1420704,沙洋县,1704,1,1,1
1420705,京山县,1704,1,1,1
1420801,鄂城区,1710,1,1,1
1420802,梁子湖区,1710,1,1,1
1420803,华容区,1710,1,1,1
1420901,孝南区,1705,1,1,1
1420902,应城市,1705,1,1,1
1420903,安陆市,1705,1,1,1
1420904,汉川市,1705,1,1,1
1420905,孝昌县,1705,1,1,1
1420906,大悟县,1705,1,1,1
1420907,云梦县,1705,1,1,1
1421001,黄州区,1712,1,1,1
1421002,麻城市,1712,1,1,1
1421004,红安县,1712,1,1,1
1421005,罗田县,1712,1,1,1
1421006,英山县,1712,1,1,1
1421007,浠水县,1712,1,1,1
1421008,蕲春县,1712,1,1,1
1421009,黄梅县,1712,1,1,1
1421010,团风县,1712,1,1,1
1421101,咸安区,1713,1,1,1
1421102,赤壁市,1713,1,1,1
1421103,嘉鱼县,1713,1,1,1
1421104,通城县,1713,1,1,1
1421105,崇阳县,1713,1,1,1
1421106,通山县,1713,1,1,1
1421201,曾都区,14212,1,1,1
1421202,广水市,14212,1,1,1
1421301,恩施市,14213,1,1,1
1421302,利川市,14213,1,0,0
1421303,建始县,14213,1,0,0
1421304,巴东县,14213,1,0,0
1421305,宣恩县,14213,1,0,0
1421306,咸丰县,14213,1,0,0
1421307,来凤县,14213,1,0,0
1421308,鹤峰县,14213,1,0,0
1430101,岳麓区,1801,1,1,1
1430102,芙蓉区,1801,1,1,1
1430103,天心区,1801,1,1,1
1430104,开福区,1801,1,1,1
1430105,雨花区,1801,1,1,1
1430106,浏阳市,1801,1,1,1
1430107,长沙县,1801,1,1,1
1430108,望城区,1801,1,1,1
1430109,宁乡县,1801,1,1,1
1430201,天元区,1811,1,1,1
1430202,荷塘区,1811,1,1,1
1430203,芦淞区,1811,1,1,1
1430204,石峰区,1811,1,1,1
1430205,醴陵市,1811,1,1,1
1430206,株洲县,1811,1,0,0
1430207,攸县,1811,1,0,0
1430208,茶陵县,1811,1,1,1
1430209,炎陵县,1811,1,0,0
1430301,岳塘区,1803,1,1,1
1430302,雨湖区,1803,1,1,1
1430303,湘乡市,1803,1,1,1
1430304,韶山市,1803,1,1,1
1430305,湘潭县,1803,1,1,1
1430401,雁峰区,1808,1,1,1
1430402,珠晖区,1808,1,1,1
1430403,石鼓区,1808,1,1,1
1430404,蒸湘区,1808,1,1,1
1430405,南岳区,1808,1,1,1
1430406,常宁市,1808,1,1,1
1430407,耒阳市,1808,1,1,1
1430408,衡阳县,1808,1,1,1
1430409,衡南县,1808,1,0,0
1430410,衡山县,1808,1,0,0
1430411,衡东县,1808,1,0,0
1430412,祁东县,1808,1,1,1
1430501,双清区,1810,1,1,1
1430502,大祥区,1810,1,1,1
1430503,北塔区,1810,1,1,1
1430504,武冈市,1810,1,1,1
1430505,邵东县,1810,1,1,1
1430506,邵阳县,1810,1,0,0
1430507,新邵县,1810,1,1,1
1430508,隆回县,1810,1,1,1
1430509,洞口县,1810,1,1,1
1430510,绥宁县,1810,1,0,0
1430511,新宁县,1810,1,0,0
1430512,城步苗族自治县,1810,1,0,0
1430601,岳阳楼区,1807,1,1,1
1430602,君山区,1807,1,0,0
1430603,云溪区,1807,1,1,1
1430604,汨罗市,1807,1,1,1
1430605,临湘市,1807,1,1,1
1430606,岳阳县,1807,1,1,1
1430607,华容县,1807,1,1,1
1430608,湘阴县,1807,1,1,1
1430609,平江县,1807,1,1,1
1430701,武陵区,1805,1,1,1
1430702,鼎城区,1805,1,1,1
1430703,津市市,1805,1,0,0
1430704,安乡县,1805,1,1,1
1430705,汉寿县,1805,1,1,1
1430706,澧县,1805,1,1,1
1430707,临澧县,1805,1,1,1
1430708,桃源县,1805,1,1,1
1430709,石门县,1805,1,1,1
1430801,永定区,1802,1,1,1
1430802,武陵源区,1802,1,1,1
1430803,慈利县,1802,1,1,1
1430804,桑植县,1802,1,1,1
1430901,赫山区,1806,1,1,1
1430902,资阳区,1806,1,1,1
1430903,沅江市,1806,1,1,1
1430904,南县,1806,1,1,1
1430905,桃江县,1806,1,1,1
1430906,安化县,1806,1,1,1
1431001,北湖区,1809,1,0,0
1431002,苏仙区,1809,1,0,0
1431003,资兴市,1809,1,1,1
1431004,桂阳县,1809,1,1,1
1431005,永兴县,1809,1,1,1
1431006,宜章县,1809,1,1,1
1431007,嘉禾县,1809,1,1,1
1431008,临武县,1809,1,1,1
1431009,汝城县,1809,1,1,1
1431010,桂东县,1809,1,1,1
1431011,安仁县,1809,1,1,1
1431101,冷水滩区,14311,1,1,1
1431102,零陵区,14311,1,1,1
1431103,东安县,14311,1,0,0
1431104,道县,14311,1,1,1
1431105,宁远县,14311,1,1,1
1431106,江永县,14311,1,0,0
1431107,蓝山县,14311,1,0,0
1431108,新田县,14311,1,0,0
1431109,双牌县,14311,1,0,0
1431110,祁阳县,14311,1,0,0
1431111,江华瑶族自治县,14311,1,0,0
1431112,芝山区,14311,1,1,1
1431201,鹤城区,1804,1,0,0
1431202,洪江市,1804,1,1,1
1431203,沅陵县,1804,1,1,1
1431204,辰溪县,1804,1,1,1
1431205,溆浦县,1804,1,1,1
1431206,中方县,1804,1,1,1
1431207,会同县,1804,1,1,1
1431208,麻阳苗族自治县,1804,1,1,1
1431209,新晃侗族自治县,1804,1,1,1
1431210,芷江侗族自治县,1804,1,1,1
1431211,靖州苗族侗族自治县,1804,1,1,1
1431212,通道侗族自治县,1804,1,1,1
1431301,娄星区,1812,1,1,1
1431302,冷水江市,1812,1,1,1
1431303,涟源市,1812,1,1,1
1431304,双峰县,1812,1,1,1
1431305,新化县,1812,1,1,1
1431401,吉首市,14314,1,1,1
1431402,泸溪县,14314,1,0,0
1431403,凤凰县,14314,1,0,0
1431404,花垣县,14314,1,0,0
1431405,保靖县,14314,1,0,0
1431406,古丈县,14314,1,0,0
1431407,永顺县,14314,1,0,0
1431408,龙山县,14314,1,0,0
1440101,越秀区,5,1,1,1
1440102,东山区,5,1,1,1
1440103,荔湾区,5,1,1,1
1440104,海珠区,5,1,1,1
1440105,天河区,5,1,1,1
1440106,芳村区,5,1,1,1
1440107,白云区,5,1,1,1
1440108,萝岗区,5,1,1,1
1440109,南沙区,5,1,1,1
1440201,福田区,7,1,1,1
1440202,罗湖区,7,1,1,1
1440203,南山区,7,1,1,1
1440204,宝安区,7,1,1,1
1440205,龙岗区,7,1,1,1
1440206,盐田区,7,1,1,1
1440301,香洲区,504,1,1,1
1440302,斗门区,504,1,1,1
1440303,金湾区,504,1,1,1
1440401,金平区,507,1,1,1
1440402,濠江区,507,1,1,1
1440403,龙湖区,507,1,1,1
1440406,澄海区,507,1,1,1
1440407,南澳县,507,1,0,0
1440501,浈江区,533,1,1,1
1440502,武江区,533,1,1,1
1440503,曲江区,533,1,1,1
1440504,乐昌市,533,1,1,1
1440505,南雄市,533,1,1,1
1440506,始兴县,533,1,1,1
1440507,仁化县,533,1,1,1
1440508,翁源县,533,1,1,1
1440509,新丰县,533,1,1,1
1440510,乳源瑶族自治县,533,1,1,1
1440601,禅城区,521,1,1,1
1440701,江海区,509,1,1,1
1440702,蓬江区,509,1,1,1
1440801,赤坎区,516,1,1,1
1440802,霞山区,516,1,1,1
1440803,坡头区,516,1,1,1
1440804,麻章区,516,1,1,1
1440805,吴川市,516,1,0,0
1440806,廉江市,516,1,0,0
1440807,雷州市,516,1,0,0
1440808,遂溪县,516,1,0,0
1440809,徐闻县,516,1,0,0
1440901,茂南区,511,1,1,1
1440902,茂港区,511,1,1,1
1440903,化州市,511,1,0,0
1440904,信宜市,511,1,0,0
1440905,高州市,511,1,0,0
1440906,电白县,511,1,0,0
1441001,端州区,534,1,1,1
1441002,鼎湖区,534,1,1,1
1441003,高要市,534,1,1,1
1441005,广宁县,534,1,1,1
1441006,怀集县,534,1,1,1
1441007,封开县,534,1,0,0
1441008,德庆县,534,1,0,0
1441101,惠城区,508,1,1,1
1441102,惠阳区,508,1,1,1
1441104,惠东县,508,1,1,1
1441105,龙门县,508,1,1,1
1441106,大亚湾区,508,1,0,0
1441201,梅江区,545,1,1,1
1441301,城区,529,1,1,1
1441501,源城区,544,1,1,1
1441601,江城区,531,1,1,1
1441701,清城区,512,1,1,1
1441801,莞城区,510,1,1,1
1441802,南城区,510,1,1,1
1441803,万江区,510,1,1,1
1441804,东城区,510,1,1,1
1441805,市辖镇,510,1,1,1
1441901,东区,515,1,1,1
1441902,西区,515,1,1,1
1441903,南区,515,1,1,1
1441904,石岐区,515,1,1,1
1441905,火炬开发区,515,1,1,1
1441906,市辖镇,515,1,1,1
1442001,湘桥区,506,1,1,1
1442002,潮安县,506,1,1,1
1442003,饶平县,506,1,1,1
1442101,榕城区,540,1,1,1
1442103,揭东县,540,1,1,1
1442104,揭西县,540,1,1,1
1442105,惠来县,540,1,1,1
1442201,云城区,546,1,1,1
1450101,青秀区,2201,1,1,1
1450102,兴宁区,2201,1,1,1
1450103,江南区,2201,1,1,1
1450104,西乡塘区,2201,1,1,1
1450105,良庆区,2201,1,0,0
1450106,邕宁区,2201,1,0,0
1450107,武鸣县,2201,1,1,1
1450108,横县,2201,1,0,0
1450109,宾阳县,2201,1,0,0
1450110,上林县,2201,1,0,0
1450111,隆安县,2201,1,0,0
1450112,马山县,2201,1,0,0
1450201,城中区,2203,1,1,1
1450202,鱼峰区,2203,1,1,1
1450203,柳南区,2203,1,1,1
1450204,柳北区,2203,1,1,1
1450205,柳江县,2203,1,0,0
1450206,柳城县,2203,1,1,1
1450207,鹿寨县,2203,1,0,0
1450208,融安县,2203,1,0,0
1450209,三江侗族自治县,2203,1,0,0
1450210,融水苗族自治县,2203,1,0,0
1450211,高新区,2203,1,1,1
1450301,象山区,2202,1,1,1
1450302,叠彩区,2202,1,1,1
1450303,秀峰区,2202,1,1,1
1450304,七星区,2202,1,1,1
1450305,雁山区,2202,1,1,1
1450306,阳朔县,2202,1,0,0
1450307,临桂县,2202,1,0,0
1450308,灵川县,2202,1,0,0
1450309,全州县,2202,1,0,0
1450310,兴安县,2202,1,0,0
1450311,永福县,2202,1,0,0
1450312,灌阳县,2202,1,0,0
1450313,资源县,2202,1,0,0
1450314,平乐县,2202,1,0,0
1450315,荔浦县,2202,1,0,0
1450316,龙胜各族自治县,2202,1,0,0
1450317,恭城瑶族自治县,2202,1,0,0
1450401,万秀区,2204,1,1,1
1450402,蝶山区,2204,1,1,1
1450403,长洲区,2204,1,1,1
1450404,岑溪市,2204,1,1,1
1450405,苍梧县,2204,1,1,1
1450406,藤县,2204,1,0,0
1450407,蒙山县,2204,1,0,0
1450501,海城区,2206,1,1,1
1450502,银海区,2206,1,1,1
1450503,铁山港区,2206,1,1,1
1450504,合浦县,2206,1,0,0
1450601,港口区,14506,1,1,1
1450602,防城区,14506,1,1,1
1450603,东兴市,14506,1,0,0
1450604,上思县,14506,1,0,0
1450701,钦南区,2205,1,1,1
1450702,钦北区,2205,1,1,1
1450703,灵山县,2205,1,0,0
1450704,浦北县,2205,1,0,0
1450801,港北区,14508,1,1,1
1450802,港南区,14508,1,1,1
1450803,覃塘区,14508,1,0,0
1450804,桂平市,14508,1,0,0
1450805,平南县,14508,1,0,0
1450901,玉州区,2207,1,1,1
1450902,北流市,2207,1,1,1
1450903,兴业县,2207,1,0,0
1450904,容县,2207,1,0,0
1450905,陆川县,2207,1,0,0
1450906,博白县,2207,1,0,0
1450907,开发区,2207,1,1,1
1451001,右江区,14510,1,1,1
1451002,田阳县,14510,1,0,0
1451003,田东县,14510,1,1,1
1451004,平果县,14510,1,0,0
1451005,德保县,14510,1,0,0
1451006,靖西县,14510,1,0,0
1451007,那坡县,14510,1,0,0
1451008,凌云县,14510,1,0,0
1451009,乐业县,14510,1,0,0
1451010,西林县,14510,1,0,0
1451011,田林县,14510,1,0,0
1451012,隆林各族自治县,14510,1,0,0
1451101,八步区,14511,1,1,1
1451102,昭平县,14511,1,0,0
1451103,钟山县,14511,1,0,0
1451104,富川瑶族自治县,14511,1,0,0
1451201,金城江区,14512,1,1,1
1451202,宜州市,14512,1,1,1
1451203,南丹县,14512,1,0,0
1451204,天峨县,14512,1,0,0
1451205,凤山县,14512,1,0,0
1451206,东兰县,14512,1,0,0
1451207,巴马瑶族自治县,14512,1,0,0
1451208,都安瑶族自治县,14512,1,0,0
1451209,大化瑶族自治县,14512,1,0,0
1451210,罗城仫佬族自治县,14512,1,0,0
1451211,环江毛南族自治县,14512,1,0,0
1451212,城中区,14512,1,1,1
1451213,河北区,14512,1,1,1
1451301,兴宾区,14513,1,1,1
1451302,合山市,14513,1,0,0
1451303,象州县,14513,1,0,0
1451304,武宣县,14513,1,0,0
1451305,忻城县,14513,1,0,0
1451306,金秀瑶族自治县,14513,1,0,0
1451401,江州区,14514,1,1,1
1451402,凭祥市,14514,1,1,1
1451403,扶绥县,14514,1,0,0
1451404,大新县,14514,1,0,0
1451405,天等县,14514,1,0,0
1451406,宁明县,14514,1,0,0
1451407,龙州县,14514,1,0,0
1460101,龙华区,2301,1,1,1
1460102,秀英区,2301,1,1,1
1460103,琼山区,2301,1,1,1
1460104,美兰区,2301,1,1,1
1500101,渝中区,401,1,1,1
1500102,大渡口区,401,1,1,1
1500103,江北区,401,1,1,1
1500104,沙坪坝区,401,1,1,1
1500105,九龙坡区,401,1,1,1
1500106,南岸区,401,1,1,1
1500107,北碚区,401,1,1,1
1500108,万盛区,401,1,1,1
1500109,双桥区,401,1,1,1
1500110,渝北区,401,1,1,1
1500111,巴南区,401,1,1,1
1500112,万州区,401,1,1,1
1500113,涪陵区,401,1,1,1
1500114,黔江区,401,1,1,1
1500115,长寿区,401,1,1,1
1500116,江津区,401,1,1,1
1500117,合川区,401,1,1,1
1500118,永川区,401,1,1,1
1500119,南川区,401,1,0,0
1500120,綦江县,401,1,1,1
1500121,潼南县,401,1,1,1
1500122,铜梁县,401,1,1,1
1500123,大足县,401,1,1,1
1500124,荣昌县,401,1,1,1
1500125,璧山县,401,1,1,1
1500126,垫江县,401,1,0,0
1500127,武隆县,401,1,1,1
1500128,丰都县,401,1,1,1
1500129,城口县,401,1,1,1
1500130,梁平县,401,1,1,1
1500131,开县,401,1,1,1
1500132,巫溪县,401,1,1,1
1500133,巫山县,401,1,1,1
1500134,奉节县,401,1,1,1
1500135,云阳县,401,1,1,1
1500136,忠县,401,1,1,1
1500137,石柱县,401,1,1,1
1500138,彭水县,401,1,1,1
1500139,酉阳县,401,1,1,1
1500140,秀山县,401,1,1,1
1500141,高新区,401,1,1,1
1510101,青羊区,3001,1,1,1
1510102,锦江区,3001,1,1,1
1510103,金牛区,3001,1,1,1
1510104,武侯区,3001,1,1,1
1510105,成华区,3001,1,1,1
1510106,龙泉驿区,3001,1,1,1
1510107,青白江区,3001,1,1,1
1510108,新都区,3001,1,1,1
1510109,温江区,3001,1,1,1
1510112,邛崃市,3001,1,1,1
1510113,崇州市,3001,1,1,1
1510114,金堂县,3001,1,0,0
1510115,双流县,3001,1,1,1
1510116,郫县,3001,1,1,1
1510117,大邑县,3001,1,1,1
1510118,蒲江县,3001,1,1,1
1510119,新津县,3001,1,0,0
1510120,高新区,3001,1,1,1
1510201,自流井区,3010,1,1,1
1510202,大安区,3010,1,1,1
1510203,贡井区,3010,1,1,1
1510204,沿滩区,3010,1,1,1
1510205,荣县,3010,1,1,1
1510206,富顺县,3010,1,1,1
1510301,东区,15103,1,0,0
1510302,西区,15103,1,0,0
1510303,仁和区,15103,1,0,0
1510304,米易县,15103,1,0,0
1510305,盐边县,15103,1,0,0
1510401,江阳区,3009,1,1,1
1510402,纳溪区,3009,1,1,1
1510403,龙马潭区,3009,1,1,1
1510404,泸县,3009,1,0,0
1510405,合江县,3009,1,0,0
1510406,叙永县,3009,1,0,0
1510407,古蔺县,3009,1,0,0
1510501,旌阳区,3005,1,1,1
1510502,什邡市,3005,1,1,1
1510503,广汉市,3005,1,1,1
1510504,绵竹市,3005,1,1,1
1510505,罗江县,3005,1,0,0
1510506,中江县,3005,1,0,0
1510601,涪城区,3007,1,1,1
1510602,游仙区,3007,1,1,1
1510603,江油市,3007,1,1,1
1510604,三台县,3007,1,1,1
1510605,盐亭县,3007,1,0,0
1510606,安县,3007,1,1,1
1510607,梓潼县,3007,1,0,0
1510608,平武县,3007,1,0,0
1510609,北川羌族自治县,3007,1,0,0
1510701,利州区,3013,1,0,0
1510702,元坝区,3013,1,0,0
1510703,朝天区,3013,1,0,0
1510704,旺苍县,3013,1,0,0
1510705,青川县,3013,1,0,0
1510706,剑阁县,3013,1,0,0
1510707,苍溪县,3013,1,0,0
1510801,船山区,15108,1,1,1
1510802,安居区,15108,1,1,1
1510803,蓬溪县,15108,1,0,0
1510804,射洪县,15108,1,1,1
1510805,大英县,15108,1,0,0
1510901,市中区,15109,1,1,1
1510902,东兴区,15109,1,1,1
1510903,威远县,15109,1,1,1
1510904,资中县,15109,1,0,0
1510905,隆昌县,15109,1,1,1
1511001,市中区,3012,1,1,1
1511002,沙湾区,3012,1,1,1
1511003,五通桥区,3012,1,0,0
1511004,金口河区,3012,1,0,0
1511006,犍为县,3012,1,0,0
1511007,井研县,3012,1,0,0
1511008,夹江县,3012,1,0,0
1511009,沐川县,3012,1,0,0
1511010,峨边彝族自治县,3012,1,0,0
1511011,马边彝族自治县,3012,1,0,0
1511101,顺庆区,3008,1,1,1
1511102,高坪区,3008,1,1,1
1511103,嘉陵区,3008,1,1,1
1511104,阆中市,3008,1,0,0
1511105,南部县,3008,1,0,0
1511106,营山县,3008,1,0,0
1511107,蓬安县,3008,1,0,0
1511108,仪陇县,3008,1,0,0
1511109,西充县,3008,1,0,0
1511201,翠屏区,15112,1,1,1
1511202,宜宾县,15112,1,0,0
1511203,南溪县,15112,1,1,1
1511204,江安县,15112,1,0,0
1511205,长宁县,15112,1,0,0
1511206,高县,15112,1,0,0
1511207,筠连县,15112,1,0,0
1511208,珙县,15112,1,0,0
1511209,兴文县,15112,1,0,0
1511210,屏山县,15112,1,0,0
1511301,广安区,15113,1,0,0
1511302,华蓥市,15113,1,0,0
1511303,岳池县,15113,1,0,0
1511304,武胜县,15113,1,0,0
1511305,邻水县,15113,1,0,0
1511401,通川区,15114,1,1,1
1511402,万源市,15114,1,0,0
1511403,达县,15114,1,0,0
1511404,宣汉县,15114,1,0,0
1511405,开江县,15114,1,0,0
1511406,大竹县,15114,1,0,0
1511407,渠县,15114,1,0,0
1511501,东坡区,15115,1,1,1
1511502,仁寿县,15115,1,0,0
1511503,彭山县,15115,1,1,1
1511504,洪雅县,15115,1,0,0
1511505,丹棱县,15115,1,0,0
1511506,青神县,15115,1,0,0
1511601,雨城区,15116,1,1,1
1511602,名山县,15116,1,0,0
1511603,荥经县,15116,1,0,0
1511604,汉源县,15116,1,0,0
1511605,石棉县,15116,1,0,0
1511606,天全县,15116,1,0,0
1511607,芦山县,15116,1,0,0
1511608,宝兴县,15116,1,0,0
1511701,巴州区,15117,1,0,0
1511702,通江县,15117,1,0,0
1511703,南江县,15117,1,0,0
1511704,平昌县,15117,1,0,0
1511801,雁江区,15118,1,1,1
1511802,简阳市,15118,1,1,1
1511803,乐至县,15118,1,0,0
1511804,安岳县,15118,1,1,1
1511901,马尔康县,15119,1,0,0
1511902,汶川县,15119,1,0,0
1511903,理县,15119,1,0,0
1511904,茂县,15119,1,0,0
1511905,松潘县,15119,1,0,0
1511906,九寨沟县,15119,1,0,0
1511907,金川县,15119,1,0,0
1511908,小金县,15119,1,0,0
1511909,黑水县,15119,1,0,0
1511910,壤塘县,15119,1,0,0
1511911,阿坝县,15119,1,0,0
1511912,若尔盖县,15119,1,0,0
1511913,红原县,15119,1,0,0
1512001,康定县,15120,1,0,0
1512002,泸定县,15120,1,0,0
1512003,丹巴县,15120,1,0,0
1512004,九龙县,15120,1,0,0
1512005,雅江县,15120,1,0,0
1512006,道孚县,15120,1,0,0
1512007,炉霍县,15120,1,0,0
1512008,甘孜县,15120,1,0,0
1512009,新龙县,15120,1,0,0
1512010,德格县,15120,1,0,0
1512011,白玉县,15120,1,0,0
1512012,石渠县,15120,1,0,0
1512013,色达县,15120,1,0,0
1512014,理塘县,15120,1,0,0
1512015,巴塘县,15120,1,0,0
1512016,乡城县,15120,1,0,0
1512017,稻城县,15120,1,0,0
1512018,得荣县,15120,1,0,0
1512102,盐源县,15121,1,0,0
1512103,德昌县,15121,1,0,0
1512104,会理县,15121,1,0,0
1512105,会东县,15121,1,0,0
1512106,宁南县,15121,1,0,0
1512107,普格县,15121,1,0,0
1512108,布拖县,15121,1,0,0
1512109,金阳县,15121,1,0,0
1512110,昭觉县,15121,1,0,0
1512111,喜德县,15121,1,0,0
1512112,冕宁县,15121,1,0,0
1512113,越西县,15121,1,0,0
1512114,甘洛县,15121,1,0,0
1512115,美姑县,15121,1,0,0
1512116,雷波县,15121,1,0,0
1512117,木里藏族自治县,15121,1,0,0
1520101,乌当区,2501,1,1,1
1520102,南明区,2501,1,1,1
1520103,云岩区,2501,1,1,1
1520104,花溪区,2501,1,1,1
1520105,白云区,2501,1,1,1
1520106,小河区,2501,1,1,1
1520107,清镇市,2501,1,0,0
1520108,开阳县,2501,1,0,0
1520109,修文县,2501,1,0,0
1520110,息烽县,2501,1,0,0
1520201,钟山区,2502,1,0,0
1520202,盘县,2502,1,0,0
1520203,水城县,2502,1,0,0
1520204,六枝特区,2502,1,0,0
1520301,红花岗区,2503,1,0,0
1520302,汇川区,2503,1,0,0
1520303,赤水市,2503,1,0,0
1520304,仁怀市,2503,1,0,0
1520305,遵义县,2503,1,0,0
1520306,桐梓县,2503,1,0,0
1520307,绥阳县,2503,1,0,0
1520308,正安县,2503,1,0,0
1520309,凤冈县,2503,1,0,0
1520310,湄潭县,2503,1,0,0
1520311,余庆县,2503,1,0,0
1520312,习水县,2503,1,0,0
1520313,道真仡佬族苗族自治县,2503,1,0,0
1520314,务川仡佬族苗族自治县,2503,1,0,0
1520401,西秀区,2504,1,0,0
1520402,平坝县,2504,1,0,0
1520403,普定县,2504,1,0,0
1520404,关岭布依族苗族自治县,2504,1,0,0
1520405,镇宁布依族苗族自治县,2504,1,0,0
1520406,紫云苗族布依族自治县,2504,1,0,0
1520501,铜仁市,15205,1,0,0
1520502,江口县,15205,1,0,0
1520503,石阡县,15205,1,0,0
1520504,思南县,15205,1,0,0
1520505,德江县,15205,1,0,0
1520506,玉屏侗族自治县,15205,1,0,0
1520507,印江土家族苗族自治县,15205,1,0,0
1520508,沿河土家族自治县,15205,1,0,0
1520509,松桃苗族自治县,15205,1,0,0
1520510,万山特区,15205,1,0,0
1520602,大方县,2505,1,0,0
1520603,黔西县,2505,1,0,0
1520604,金沙县,2505,1,0,0
1520605,织金县,2505,1,0,0
1520606,纳雍县,2505,1,0,0
1520607,赫章县,2505,1,0,0
1520608,威宁彝族回族苗族自治县,2505,1,0,0
1520701,兴义市,15207,1,0,0
1520702,兴仁县,15207,1,0,0
1520703,普安县,15207,1,0,0
1520704,晴隆县,15207,1,0,0
1520705,贞丰县,15207,1,0,0
1520706,望谟县,15207,1,0,0
1520707,册亨县,15207,1,0,0
1520708,安龙县,15207,1,0,0
1520801,凯里市,15208,1,0,0
1520802,黄平县,15208,1,0,0
1520803,施秉县,15208,1,0,0
1520804,三穗县,15208,1,0,0
1520805,镇远县,15208,1,0,0
1520806,岑巩县,15208,1,0,0
1520807,天柱县,15208,1,0,0
1520808,锦屏县,15208,1,0,0
1520809,剑河县,15208,1,0,0
1520810,台江县,15208,1,0,0
1520811,黎平县,15208,1,0,0
1520812,榕江县,15208,1,0,0
1520813,从江县,15208,1,0,0
1520814,雷山县,15208,1,0,0
1520815,麻江县,15208,1,0,0
1520816,丹寨县,15208,1,0,0
1520901,都匀市,15209,1,0,0
1520902,福泉市,15209,1,0,0
1520903,荔波县,15209,1,0,0
1520904,贵定县,15209,1,0,0
1520905,瓮安县,15209,1,0,0
1520906,独山县,15209,1,0,0
1520907,平塘县,15209,1,0,0
1520908,罗甸县,15209,1,0,0
1520909,长顺县,15209,1,0,0
1520910,龙里县,15209,1,0,0
1520911,惠水县,15209,1,0,0
1520912,三都水族自治县,15209,1,0,0
1530101,盘龙区,2401,1,1,1
1530102,五华区,2401,1,1,1
1530103,官渡区,2401,1,1,1
1530104,西山区,2401,1,1,1
1530105,东川区,2401,1,0,0
1530106,安宁市,2401,1,0,0
1530107,呈贡县,2401,1,1,1
1530108,晋宁县,2401,1,0,0
1530109,富民县,2401,1,0,0
1530110,宜良县,2401,1,0,0
1530111,嵩明县,2401,1,1,1
1530112,石林彝族自治县,2401,1,0,0
1530113,禄劝彝族苗族自治县,2401,1,0,0
1530114,寻甸回族彝族自治县,2401,1,0,0
1530201,麒麟区,2402,1,1,1
1530202,宣威市,2402,1,1,1
1530203,马龙县,2402,1,0,0
1530204,沾益县,2402,1,0,0
1530205,富源县,2402,1,0,0
1530206,罗平县,2402,1,0,0
1530207,师宗县,2402,1,0,0
1530208,陆良县,2402,1,1,1
1530209,会泽县,2402,1,0,0
1530401,红塔区,2403,1,1,1
1530402,江川县,2403,1,0,0
1530403,澄江县,2403,1,0,0
1530404,通海县,2403,1,0,0
1530405,华宁县,2403,1,0,0
1530406,易门县,2403,1,0,0
1530407,峨山彝族自治县,2403,1,0,0
1530408,新平彝族傣族自治县,2403,1,0,0
1530409,元江哈尼族彝族傣族自治县,2403,1,0,0
1530501,隆阳区,2404,1,1,1
1530502,施甸县,2404,1,0,0
1530503,腾冲县,2404,1,1,1
1530504,龙陵县,2404,1,0,0
1530505,昌宁县,2404,1,0,0
1530601,昭阳区,15306,1,1,1
1530602,鲁甸县,15306,1,0,0
1530603,巧家县,15306,1,0,0
1530604,盐津县,15306,1,0,0
1530605,大关县,15306,1,0,0
1530606,永善县,15306,1,0,0
1530607,绥江县,15306,1,0,0
1530608,镇雄县,15306,1,0,0
1530609,彝良县,15306,1,0,0
1530610,威信县,15306,1,0,0
1530611,水富县,15306,1,0,0
1530701,古城区,2405,1,1,1
1530702,永胜县,2405,1,0,0
1530703,华坪县,2405,1,0,0
1530704,玉龙纳西族自治县,2405,1,0,0
1530705,宁蒗彝族自治县,2405,1,0,0
1530801,思茅区,15308,1,1,1
1530802,宁洱哈尼族彝族自治县,15308,1,0,0
1530803,墨江哈尼族自治县,15308,1,0,0
1530804,景东彝族自治县,15308,1,0,0
1530805,景谷傣族彝族自治县,15308,1,0,0
1530806,镇沅彝族哈尼族拉祜族自治县,15308,1,0,0
1530807,江城哈尼族彝族自治县,15308,1,0,0
1530808,孟连傣族拉祜族佤族自治县,15308,1,0,0
1530809,澜沧拉祜族自治县,15308,1,0,0
1530810,西盟佤族自治县,15308,1,0,0
1530901,临翔区,15309,1,0,0
1530902,凤庆县,15309,1,0,0
1530903,云县,15309,1,0,0
1530904,永德县,15309,1,0,0
1530905,镇康县,15309,1,0,0
1530906,双江拉祜族佤族布朗族傣族自治县,15309,1,0,0
1530907,耿马傣族佤族自治县,15309,1,0,0
1530908,沧源佤族自治县,15309,1,0,0
1531001,文山县,15310,1,1,1
1531002,砚山县,15310,1,0,0
1531003,西畴县,15310,1,0,0
1531004,麻栗坡县,15310,1,0,0
1531005,马关县,15310,1,0,0
1531006,丘北县,15310,1,0,0
1531007,广南县,15310,1,0,0
1531008,富宁县,15310,1,0,0
1531101,蒙自县,15311,1,1,1
1531102,个旧市,15311,1,1,1
1531103,开远市,15311,1,1,1
1531104,绿春县,15311,1,0,0
1531105,建水县,15311,1,1,1
1531106,石屏县,15311,1,0,0
1531107,弥勒县,15311,1,1,1
1531108,泸西县,15311,1,0,0
1531109,元阳县,15311,1,0,0
1531110,红河县,15311,1,0,0
1531111,金平苗族瑶族傣族自治县,15311,1,0,0
1531112,河口瑶族自治县,15311,1,0,0
1531113,屏边苗族自治县,15311,1,0,0
1531201,景洪市,15312,1,0,0
1531202,勐海县,15312,1,0,0
1531203,勐腊县,15312,1,0,0
1531301,楚雄市,15313,1,1,1
1531302,双柏县,15313,1,0,0
1531303,牟定县,15313,1,0,0
1531304,南华县,15313,1,0,0
1531305,姚安县,15313,1,0,0
1531306,大姚县,15313,1,0,0
1531307,永仁县,15313,1,0,0
1531308,元谋县,15313,1,0,0
1531309,武定县,15313,1,0,0
1531310,禄丰县,15313,1,0,0
1531401,大理市,15314,1,1,1
1531402,祥云县,15314,1,0,0
1531403,宾川县,15314,1,0,0
1531404,弥渡县,15314,1,0,0
1531405,永平县,15314,1,0,0
1531406,云龙县,15314,1,0,0
1531407,洱源县,15314,1,0,0
1531408,剑川县,15314,1,0,0
1531409,鹤庆县,15314,1,1,1
1531410,漾濞彝族自治县,15314,1,0,0
1531411,南涧彝族自治县,15314,1,0,0
1531412,巍山彝族回族自治县,15314,1,0,0
1531501,潞西市,15315,1,1,1
1531502,瑞丽市,15315,1,0,0
1531503,梁河县,15315,1,0,0
1531504,盈江县,15315,1,0,0
1531505,陇川县,15315,1,0,0
1531601,泸水县,15316,1,0,0
1531602,福贡县,15316,1,0,0
1531603,贡山独龙族怒族自治县,15316,1,0,0
1531604,兰坪白族普米族自治县,15316,1,0,0
1531701,香格里拉县,15317,1,0,0
1531702,德钦县,15317,1,0,0
1531703,维西傈僳族自治县,15317,1,0,0
1540101,城关区,2901,1,0,0
1540102,林周县,2901,1,0,0
1540103,当雄县,2901,1,0,0
1540104,尼木县,2901,1,0,0
1540105,曲水县,2901,1,0,0
1540106,堆龙德庆县,2901,1,0,0
1540107,达孜县,2901,1,0,0
1540108,墨竹工卡县,2901,1,0,0
1540201,昌都县,2903,1,0,0
1540202,江达县,2903,1,0,0
1540203,贡觉县,2903,1,0,0
1540204,类乌齐县,2903,1,0,0
1540205,丁青县,2903,1,0,0
1540206,察雅县,2903,1,0,0
1540207,八宿县,2903,1,0,0
1540208,左贡县,2903,1,0,0
1540209,芒康县,2903,1,0,0
1540210,洛隆县,2903,1,0,0
1540211,边坝县,2903,1,0,0
1540301,乃东县,2905,1,0,0
1540302,扎囊县,2905,1,0,0
1540303,贡嘎县,2905,1,0,0
1540304,桑日县,2905,1,0,0
1540305,琼结县,2905,1,0,0
1540306,曲松县,2905,1,0,0
1540307,措美县,2905,1,0,0
1540308,洛扎县,2905,1,0,0
1540309,加查县,2905,1,0,0
1540310,隆子县,2905,1,0,0
1540311,错那县,2905,1,0,0
1540312,浪卡子县,2905,1,0,0
1540401,日喀则市,15404,1,0,0
1540402,南木林县,15404,1,0,0
1540403,江孜县,15404,1,0,0
1540404,定日县,15404,1,0,0
1540405,萨迦县,15404,1,0,0
1540406,拉孜县,15404,1,0,0
1540407,昂仁县,15404,1,0,0
1540408,谢通门县,15404,1,0,0
1540409,白朗县,15404,1,0,0
1540410,仁布县,15404,1,0,0
1540411,康马县,15404,1,0,0
1540412,定结县,15404,1,0,0
1540413,仲巴县,15404,1,0,0
1540414,亚东县,15404,1,0,0
1540415,吉隆县,15404,1,0,0
1540416,聂拉木县,15404,1,0,0
1540417,萨嘎县,15404,1,0,0
1540418,岗巴县,15404,1,0,0
1540501,那曲县,2902,1,0,0
1540502,嘉黎县,2902,1,0,0
1540503,比如县,2902,1,0,0
1540504,聂荣县,2902,1,0,0
1540505,安多县,2902,1,0,0
1540506,申扎县,2902,1,0,0
1540507,索县,2902,1,0,0
1540508,班戈县,2902,1,0,0
1540509,巴青县,2902,1,0,0
1540510,尼玛县,2902,1,0,0
1540601,噶尔县,15406,1,0,0
1540602,普兰县,15406,1,0,0
1540603,札达县,15406,1,0,0
1540604,日土县,15406,1,0,0
1540605,革吉县,15406,1,0,0
1540606,改则县,15406,1,0,0
1540607,措勤县,15406,1,0,0
1540701,林芝县,2904,1,0,0
1540702,工布江达县,2904,1,0,0
1540703,米林县,2904,1,0,0
1540704,墨脱县,2904,1,0,0
1540705,波密县,2904,1,0,0
1540706,察隅县,2904,1,0,0
1540707,朗县,2904,1,0,0
1610101,未央区,20,1,1,1
1610102,莲湖区,20,1,1,1
1610103,新城区,20,1,1,1
1610104,碑林区,20,1,1,1
1610105,灞桥区,20,1,1,1
1610106,雁塔区,20,1,1,1
1610107,阎良区,20,1,1,1
1610108,临潼区,20,1,0,0
1610109,长安区,20,1,1,1
1610110,蓝田县,20,1,0,0
1610111,周至县,20,1,0,0
1610112,户县,20,1,0,0
1610113,高陵县,20,1,0,0
1610114,高新技术产业开发区,20,1,1,1
1610201,耀州区,1309,1,1,1
1610202,王益区,1309,1,1,1
1610203,印台区,1309,1,1,1
1610204,宜君县,1309,1,0,0
1610301,渭滨区,1307,1,1,1
1610302,金台区,1307,1,1,1
1610303,陈仓区,1307,1,0,0
1610304,凤翔县,1307,1,0,0
1610305,岐山县,1307,1,0,0
1610306,扶风县,1307,1,0,0
1610307,眉县,1307,1,0,0
1610308,陇县,1307,1,0,0
1610309,千阳县,1307,1,0,0
1610310,麟游县,1307,1,0,0
1610311,凤县,1307,1,0,0
1610312,太白县,1307,1,0,0
1610401,秦都区,1302,1,1,1
1610402,杨陵区,1302,1,1,1
1610403,渭城区,1302,1,1,1
1610404,兴平市,1302,1,0,0
1610405,三原县,1302,1,0,0
1610406,泾阳县,1302,1,0,0
1610407,乾县,1302,1,0,0
1610408,礼泉县,1302,1,0,0
1610409,永寿县,1302,1,0,0
1610410,彬县,1302,1,0,0
1610411,长武县,1302,1,0,0
1610412,旬邑县,1302,1,0,0
1610413,淳化县,1302,1,0,0
1610414,武功县,1302,1,0,0
1610501,临渭区,1305,1,1,1
1610502,华阴市,1305,1,0,0
1610503,韩城市,1305,1,0,0
1610505,潼关县,1305,1,0,0
1610506,大荔县,1305,1,0,0
1610507,蒲城县,1305,1,0,0
1610508,澄城县,1305,1,0,0
1610509,白水县,1305,1,0,0
1610510,合阳县,1305,1,0,0
1610511,富平县,1305,1,0,0
1610601,宝塔区,1306,1,1,1
1610602,延长县,1306,1,0,0
1610603,延川县,1306,1,0,0
1610604,子长县,1306,1,0,0
1610605,安塞县,1306,1,0,0
1610606,志丹县,1306,1,0,0
1610607,吴起县,1306,1,0,0
1610608,甘泉县,1306,1,0,0
1610609,富县,1306,1,0,0
1610610,洛川县,1306,1,0,0
1610611,宜川县,1306,1,0,0
1610612,黄龙县,1306,1,0,0
1610613,黄陵县,1306,1,0,0
1610701,汉台区,1308,1,1,1
1610702,南郑县,1308,1,0,0
1610703,城固县,1308,1,0,0
1610704,洋县,1308,1,0,0
1610705,西乡县,1308,1,0,0
1610706,勉县,1308,1,0,0
1610707,宁强县,1308,1,0,0
1610708,略阳县,1308,1,0,0
1610709,镇巴县,1308,1,0,0
1610710,留坝县,1308,1,0,0
1610711,佛坪县,1308,1,0,0
1610801,榆阳区,1303,1,1,1
1610802,神木县,1303,1,0,0
1610803,府谷县,1303,1,0,0
1610804,横山县,1303,1,0,0
1610805,靖边县,1303,1,0,0
1610806,定边县,1303,1,0,0
1610807,绥德县,1303,1,0,0
1610808,米脂县,1303,1,0,0
1610809,佳县,1303,1,0,0
1610810,吴堡县,1303,1,0,0
1610811,清涧县,1303,1,0,0
1610812,子洲县,1303,1,0,0
1610901,汉滨区,1304,1,1,1
1610902,汉阴县,1304,1,0,0
1610903,石泉县,1304,1,0,0
1610904,宁陕县,1304,1,0,0
1610905,紫阳县,1304,1,0,0
1610906,岚皋县,1304,1,0,0
1610907,平利县,1304,1,0,0
1610908,镇坪县,1304,1,0,0
1610909,旬阳县,1304,1,0,0
1610910,白河县,1304,1,0,0
1611001,商州区,16110,1,1,1
1611002,洛南县,16110,1,0,0
1611003,丹凤县,16110,1,0,0
1611004,商南县,16110,1,0,0
1611005,山阳县,16110,1,0,0
1611006,镇安县,16110,1,0,0
1611007,柞水县,16110,1,0,0
1620101,城关区,2701,1,1,1
1620102,七里河区,2701,1,1,1
1620103,西固区,2701,1,1,1
1620104,安宁区,2701,1,1,1
1620105,红古区,2701,1,0,0
1620106,永登县,2701,1,0,0
1620107,皋兰县,2701,1,0,0
1620108,榆中县,2701,1,0,0
1620301,金川区,2703,1,0,0
1620302,永昌县,2703,1,0,0
1620401,白银区,16204,1,0,0
1620402,平川区,16204,1,0,0
1620403,靖远县,16204,1,0,0
1620404,会宁县,16204,1,0,0
1620405,景泰县,16204,1,0,0
1620501,秦州区,2704,1,1,1
1620502,麦积区,2704,1,1,1
1620503,清水县,2704,1,0,0
1620504,秦安县,2704,1,0,0
1620505,甘谷县,2704,1,0,0
1620506,武山县,2704,1,0,0
1620507,张家川回族自治县,2704,1,0,0
1620601,凉州区,16206,1,0,0
1620602,民勤县,16206,1,0,0
1620603,古浪县,16206,1,0,0
1620604,天祝藏族自治县,16206,1,0,0
1620701,甘州区,16207,1,0,0
1620702,民乐县,16207,1,0,0
1620703,临泽县,16207,1,0,0
1620704,高台县,16207,1,0,0
1620705,山丹县,16207,1,0,0
1620706,肃南裕固族自治县,16207,1,0,0
1620801,崆峒区,16208,1,0,0
1620802,泾川县,16208,1,0,0
1620803,灵台县,16208,1,0,0
1620804,崇信县,16208,1,0,0
1620805,华亭县,16208,1,0,0
1620806,庄浪县,16208,1,0,0
1620807,静宁县,16208,1,0,0
1620901,肃州区,2706,1,0,0
1620902,玉门市,2706,1,0,0
1620903,敦煌市,2706,1,0,0
1620904,金塔县,2706,1,0,0
1620905,瓜州县,2706,1,0,0
1620906,肃北蒙古族自治县,2706,1,0,0
1620907,阿克塞哈萨克族自治县,2706,1,0,0
1621001,西峰区,16210,1,0,0
1621002,庆城县,16210,1,0,0
1621003,环县,16210,1,0,0
1621004,华池县,16210,1,0,0
1621005,合水县,16210,1,0,0
1621006,正宁县,16210,1,0,0
1621007,宁县,16210,1,0,0
1621008,镇原县,16210,1,0,0
1621101,安定区,16211,1,0,0
1621102,通渭县,16211,1,0,0
1621103,临洮县,16211,1,0,0
1621104,漳县,16211,1,0,0
1621105,岷县,16211,1,0,0
1621106,渭源县,16211,1,0,0
1621107,陇西县,16211,1,0,0
1621201,武都区,16212,1,0,0
1621202,成县,16212,1,0,0
1621203,宕昌县,16212,1,0,0
1621204,康县,16212,1,0,0
1621205,文县,16212,1,0,0
1621206,西和县,16212,1,0,0
1621207,礼县,16212,1,0,0
1621208,两当县,16212,1,0,0
1621209,徽县,16212,1,0,0
1621301,临夏市,16213,1,0,0
1621302,临夏县,16213,1,0,0
1621303,康乐县,16213,1,0,0
1621304,永靖县,16213,1,0,0
1621305,广河县,16213,1,0,0
1621306,和政县,16213,1,0,0
1621307,东乡族自治县,16213,1,0,0
1621308,积石山保安族东乡族撒拉族自治县,16213,1,0,0
1621401,合作市,16214,1,0,0
1621402,临潭县,16214,1,0,0
1621403,卓尼县,16214,1,0,0
1621404,舟曲县,16214,1,0,0
1621405,迭部县,16214,1,0,0
1621406,玛曲县,16214,1,0,0
1621407,碌曲县,16214,1,0,0
1621408,夏河县,16214,1,0,0
1630101,城中区,3101,1,1,1
1630102,城东区,3101,1,1,1
1630103,城西区,3101,1,1,1
1630104,城北区,3101,1,1,1
1630105,湟源县,3101,1,0,0
1630106,湟中县,3101,1,0,0
1630107,大通回族土族自治县,3101,1,0,0
1630201,平安县,3102,1,0,0
1630202,乐都县,3102,1,0,0
1630203,民和回族土族自治县,3102,1,0,0
1630204,互助土族自治县,3102,1,0,0
1630205,化隆回族自治县,3102,1,0,0
1630206,循化撒拉族自治县,3102,1,0,0
1630301,海晏县,3103,1,0,0
1630302,祁连县,3103,1,0,0
1630303,刚察县,3103,1,0,0
1630304,门源回族自治县,3103,1,0,0
1630401,同仁县,3105,1,0,0
1630402,尖扎县,3105,1,0,0
1630403,泽库县,3105,1,0,0
1630404,河南蒙古族自治县,3105,1,0,0
1630501,共和县,3104,1,0,0
1630502,同德县,3104,1,0,0
1630503,贵德县,3104,1,0,0
1630504,兴海县,3104,1,0,0
1630505,贵南县,3104,1,0,0
1630601,玛沁县,16306,1,0,0
1630602,班玛县,16306,1,0,0
1630603,甘德县,16306,1,0,0
1630604,达日县,16306,1,0,0
1630605,久治县,16306,1,0,0
1630606,玛多县,16306,1,0,0
1630701,玉树县,16307,1,0,0
1630702,杂多县,16307,1,0,0
1630703,称多县,16307,1,0,0
1630704,治多县,16307,1,0,0
1630705,囊谦县,16307,1,0,0
1630706,曲麻莱县,16307,1,0,0
1630801,德令哈市,16308,1,0,0
1630802,格尔木市,16308,1,0,0
1630803,乌兰县,16308,1,0,0
1630804,都兰县,16308,1,0,0
1630805,天峻县,16308,1,0,0
1630806,冷湖行委,16308,1,0,0
1630807,大柴旦行委,16308,1,0,0
1630808,茫崖行委,16308,1,0,0
1640101,兴庆区,2801,1,1,1
1640102,金凤区,2801,1,1,1
1640103,西夏区,2801,1,1,1
1640104,灵武市,2801,1,0,0
1640105,永宁县,2801,1,0,0
1640106,贺兰县,2801,1,0,0
1640201,大武口区,2802,1,0,0
1640202,惠农区,2802,1,0,0
1640203,平罗县,2802,1,0,0
1640301,利通区,2803,1,0,0
1640302,青铜峡市,2803,1,0,0
1640303,盐池县,2803,1,0,0
1640304,同心县,2803,1,0,0
1640401,原州区,2804,1,0,0
1640402,西吉县,2804,1,0,0
1640403,隆德县,2804,1,0,0
1640404,泾源县,2804,1,0,0
1640405,彭阳县,2804,1,0,0
1640501,沙坡头区,16405,1,0,0
1640502,中宁县,16405,1,0,0
1640503,海原县,16405,1,0,0
1650101,天山区,2601,1,0,0
1650102,沙依巴克区,2601,1,0,0
1650103,新市区,2601,1,0,0
1650104,水磨沟区,2601,1,0,0
1650105,头屯河区,2601,1,0,0
1650106,达坂城区,2601,1,0,0
1650107,米东区,2601,1,0,0
1650108,乌鲁木齐县,2601,1,0,0
1650201,克拉玛依区,2613,1,0,0
1650202,独山子区,2613,1,0,0
1650203,白碱滩区,2613,1,0,0
1650204,乌尔禾区,2613,1,0,0
1650302,鄯善县,16503,1,0,0
1650303,托克逊县,16503,1,0,0
1650402,伊吾县,16504,1,0,0
1650403,巴里坤哈萨克自治县,16504,1,0,0
1650502,和田县,2604,1,0,0
1650503,墨玉县,2604,1,0,0
1650504,皮山县,2604,1,0,0
1650505,洛浦县,2604,1,0,0
1650506,策勒县,2604,1,0,0
1650507,于田县,2604,1,0,0
1650508,民丰县,2604,1,0,0
1650602,温宿县,2603,1,0,0
1650603,库车县,2603,1,0,0
1650604,沙雅县,2603,1,0,0
1650605,新和县,2603,1,0,0
1650606,拜城县,2603,1,0,0
1650607,乌什县,2603,1,0,0
1650608,阿瓦提县,2603,1,0,0
1650609,柯坪县,2603,1,0,0
1650702,疏附县,2602,1,0,0
1650703,疏勒县,2602,1,0,0
1650704,英吉沙县,2602,1,0,0
1650705,泽普县,2602,1,0,0
1650706,莎车县,2602,1,0,0
1650707,叶城县,2602,1,0,0
1650708,麦盖提县,2602,1,0,0
1650709,岳普湖县,2602,1,0,0
1650710,伽师县,2602,1,0,0
1650711,巴楚县,2602,1,0,0
1650712,塔什库尔干塔吉克自治县,2602,1,0,0
1650801,阿图什市,16508,1,0,0
1650802,阿克陶县,16508,1,0,0
1650803,阿合奇县,16508,1,0,0
1650804,乌恰县,16508,1,0,0
1650902,轮台县,16509,1,0,0
1650903,尉犁县,16509,1,0,0
1650904,若羌县,16509,1,0,0
1650905,且末县,16509,1,0,0
1650906,和静县,16509,1,0,0
1650907,和硕县,16509,1,0,0
1650908,博湖县,16509,1,0,0
1650909,焉耆回族自治县,16509,1,0,0
1651002,阜康市,2605,1,0,0
1651003,呼图壁县,2605,1,0,0
1651004,玛纳斯县,2605,1,0,0
1651005,奇台县,2605,1,0,0
1651006,吉木萨尔县,2605,1,0,0
1651007,木垒哈萨克自治县,2605,1,0,0
1651102,精河县,16511,1,0,0
1651103,温泉县,16511,1,0,0
1651203,伊宁县,16512,1,0,0
1651204,霍城县,16512,1,0,0
1651205,巩留县,16512,1,0,0
1651206,新源县,16512,1,0,0
1651207,昭苏县,16512,1,0,0
1651208,特克斯县,16512,1,0,0
1651209,尼勒克县,16512,1,0,0
1651210,察布查尔锡伯自治县,16512,1,0,0
1651302,乌苏市,16513,1,0,0
1651303,额敏县,16513,1,0,0
1651304,沙湾县,16513,1,0,0
1651305,托里县,16513,1,0,0
1651306,裕民县,16513,1,0,0
1651307,和布克赛尔蒙古自治县,16513,1,0,0
1651402,布尔津县,16514,1,0,0
1651403,富蕴县,16514,1,0,0
1651404,福海县,16514,1,0,0
1651405,哈巴河县,16514,1,0,0
1651406,青河县,16514,1,0,0
1651407,吉木乃县,16514,1,0,0
1310120,闵行区(浦江镇以外),3,1,1,1
14621,西沙群岛办事处(县级),146,1,0,0
14622,南沙群岛办事处(县级),146,1,0,0
11,其他城市,33,0,0,0
33,其他省份,9000,0,0,0
3504,其他城市,171,0,0,0
9905,其他城市,144,1,0,0
9906,其他城市,113,1,0,0
9907,其他城市,123,1,0,0
9908,其他城市,122,1,0,0
9909,其他城市,121,1,0,0
9910,其他城市,115,1,0,0
9911,其他城市,137,1,0,0
9912,其他城市,114,1,0,0
9913,其他城市,161,1,0,0
9914,其他城市,141,1,0,0
9915,其他城市,134,1,0,0
9916,其他城市,132,1,0,0
9917,其他城市,142,1,0,0
9918,其他城市,143,1,0,0
9919,其他城市,133,1,0,0
9920,其他城市,136,1,0,0
9921,其他城市,135,1,0,0
9922,其他城市,145,1,0,0
9923,其他城市,146,1,0,0
9924,其他城市,153,1,0,0
9925,其他城市,152,1,0,0
9926,其他城市,165,1,0,0
9927,其他城市,162,1,0,0
9928,其他城市,164,1,0,0
9929,其他城市,154,1,0,0
9930,其他城市,151,1,0,0
9931,其他城市,163,1,0,0
19999,其他国家或地区,-1,1,0,0
1110199,其他区县,1,0,0,0
1120199,其他区县,14,1,0,0
1130199,其他区县,601,1,0,0
1130299,其他区县,605,1,0,0
1130399,其他区县,604,1,0,0
1130499,其他区县,607,1,0,0
1130599,其他区县,606,1,0,0
1130699,其他区县,608,1,0,0
1130799,其他区县,602,1,0,0
1130899,其他区县,603,1,0,0
1130999,其他区县,609,1,0,0
1131099,其他区县,610,1,0,0
1131199,其他区县,11311,1,0,0
1140199,其他区县,1201,1,0,0
1140299,其他区县,1202,1,0,0
1140399,其他区县,1204,1,0,0
1140499,其他区县,1206,1,0,0
1140599,其他区县,1205,1,0,0
1140699,其他区县,1207,1,0,0
1140799,其他区县,1210,1,0,0
1140899,其他区县,1224,1,0,0
1140999,其他区县,1211,1,0,0
1141099,其他区县,11410,1,0,0
1141199,其他区县,1203,1,0,0
1150199,其他区县,1001,1,0,0
1150299,其他区县,1003,1,0,0
1150399,其他区县,1004,1,0,0
1150499,其他区县,1005,1,0,0
1150599,其他区县,11505,1,0,0
1150699,其他区县,11506,1,0,0
1150799,其他区县,11507,1,0,0
1150899,其他区县,11508,1,0,0
1150999,其他区县,11509,1,0,0
1151099,其他区县,11510,1,0,0
1151199,其他区县,11511,1,0,0
1151299,其他区县,1002,1,0,0
1210199,其他区县,12,1,0,0
1210299,其他区县,906,1,0,0
1210399,其他区县,907,1,0,0
1210499,其他区县,905,1,0,0
1210599,其他区县,915,1,0,0
1210699,其他区县,908,1,0,0
1210799,其他区县,910,1,0,0
1210899,其他区县,909,1,0,0
1210999,其他区县,911,1,0,0
1211099,其他区县,914,1,0,0
1211199,其他区县,904,1,0,0
1211299,其他区县,902,1,0,0
1211399,其他区县,912,1,0,0
1211499,其他区县,903,1,0,0
1220199,其他区县,801,1,0,0
1220299,其他区县,804,1,0,0
1220399,其他区县,805,1,0,0
1220499,其他区县,12204,1,0,0
1220599,其他区县,807,1,0,0
1220699,其他区县,12206,1,0,0
1220799,其他区县,803,1,0,0
1220899,其他区县,802,1,0,0
1220999,其他区县,12209,1,0,0
1230199,其他区县,701,1,0,0
1230299,其他区县,702,1,0,0
1230399,其他区县,708,1,0,0
1230499,其他区县,709,1,0,0
1230599,其他区县,12305,1,0,0
1230699,其他区县,704,1,0,0
1230799,其他区县,705,1,0,0
1230899,其他区县,706,1,0,0
1230999,其他区县,12309,1,0,0
1231099,其他区县,707,1,0,0
1231199,其他区县,703,1,0,0
1231299,其他区县,12312,1,0,0
1231399,其他区县,12313,1,0,0
1310199,其他区县,3,0,0,0
1320199,其他区县,1601,1,0,0
1320299,其他区县,1607,1,0,0
1320399,其他区县,1603,1,0,0
1320499,其他区县,1608,1,0,0
1320599,其他区县,1602,1,0,0
1320699,其他区县,1620,1,0,0
1320799,其他区县,1604,1,0,0
1320899,其他区县,1606,1,0,0
1320999,其他区县,13209,1,0,0
1321099,其他区县,1610,1,0,0
1321199,其他区县,1609,1,0,0
1321299,其他区县,1612,1,0,0
1321399,其他区县,1605,1,0,0
1330199,其他区县,1901,1,0,0
1330299,其他区县,1905,1,0,0
1330399,其他区县,1906,1,0,0
1330499,其他区县,1903,1,0,0
1330599,其他区县,1902,1,0,0
1330699,其他区县,1914,1,0,0
1330799,其他区县,1910,1,0,0
1330899,其他区县,1908,1,0,0
1330999,其他区县,1904,1,0,0
1331099,其他区县,1939,1,0,0
1331199,其他区县,1943,1,0,0
1340199,其他区县,1501,1,0,0
1340299,其他区县,1508,1,0,0
1340399,其他区县,1506,1,0,0
1340499,其他区县,1503,1,0,0
1340599,其他区县,1510,1,0,0
1340699,其他区县,1502,1,0,0
1340799,其他区县,1514,1,0,0
1340899,其他区县,1516,1,0,0
1340999,其他区县,1507,1,0,0
1341099,其他区县,1505,1,0,0
1341199,其他区县,1513,1,0,0
1341299,其他区县,1509,1,0,0
1341399,其他区县,1511,1,0,0
1341499,其他区县,1521,1,0,0
1341599,其他区县,1504,1,0,0
1341699,其他区县,1519,1,0,0
1341799,其他区县,1515,1,0,0
1350199,其他区县,2101,1,0,0
1350299,其他区县,2105,1,0,0
1350399,其他区县,2103,1,0,0
1350499,其他区县,2102,1,0,0
1350599,其他区县,2104,1,0,0
1350699,其他区县,2106,1,0,0
1350799,其他区县,2107,1,0,0
1350899,其他区县,2113,1,0,0
1350999,其他区县,2109,1,0,0
1360199,其他区县,2001,1,0,0
1360299,其他区县,2003,1,0,0
1360399,其他区县,2006,1,0,0
1360499,其他区县,2002,1,0,0
1360599,其他区县,2005,1,0,0
1360699,其他区县,2004,1,0,0
1360799,其他区县,2008,1,0,0
1360899,其他区县,2007,1,0,0
1360999,其他区县,2012,1,0,0
1361099,其他区县,2009,1,0,0
1361199,其他区县,2011,1,0,0
1370199,其他区县,1101,1,0,0
1370299,其他区县,1106,1,0,0
1370399,其他区县,1104,1,0,0
1370499,其他区县,13704,1,0,0
1370599,其他区县,1105,1,0,0
1370699,其他区县,1110,1,0,0
1370899,其他区县,1103,1,0,0
1370999,其他区县,1113,1,0,0
1371099,其他区县,13710,1,0,0
1371199,其他区县,13711,1,0,0
1371299,其他区县,1108,1,0,0
1371399,其他区县,1112,1,0,0
1371499,其他区县,1107,1,0,0
1371599,其他区县,1102,1,0,0
1371699,其他区县,1115,1,0,0
1371799,其他区县,1109,1,0,0
1371899,其他区县,13718,1,0,0
1410199,其他区县,1401,1,0,0
1410299,其他区县,1408,1,0,0
1410399,其他区县,1403,1,0,0
1410499,其他区县,1413,1,0,0
1410599,其他区县,1404,1,0,0
1410699,其他区县,1411,1,0,0
1410799,其他区县,1405,1,0,0
1410899,其他区县,1406,1,0,0
1410999,其他区县,1414,1,0,0
1411099,其他区县,1409,1,0,0
1411199,其他区县,1407,1,0,0
1411299,其他区县,1402,1,0,0
1411399,其他区县,1415,1,0,0
1411499,其他区县,1412,1,0,0
1411599,其他区县,1410,1,0,0
1411699,其他区县,14116,1,0,0
1411799,其他区县,1416,1,0,0
1420199,其他区县,16,1,0,0
1420299,其他区县,1708,1,0,0
1420399,其他区县,1706,1,0,0
1420499,其他区县,1702,1,0,0
1420599,其他区县,1714,1,0,0
1420699,其他区县,1709,1,0,0
1420799,其他区县,1704,1,0,0
1420899,其他区县,1710,1,0,0
1420999,其他区县,1705,1,0,0
1421099,其他区县,1712,1,0,0
1421199,其他区县,1713,1,0,0
1421299,其他区县,14212,1,0,0
1421399,其他区县,14213,1,0,0
1430199,其他区县,1801,1,0,0
1430299,其他区县,1811,1,0,0
1430399,其他区县,1803,1,0,0
1430499,其他区县,1808,1,0,0
1430599,其他区县,1810,1,0,0
1430699,其他区县,1807,1,0,0
1430799,其他区县,1805,1,0,0
1430899,其他区县,1802,1,0,0
1430999,其他区县,1806,1,0,0
1431099,其他区县,1809,1,0,0
1431199,其他区县,14311,1,0,0
1431299,其他区县,1804,1,0,0
1431399,其他区县,1812,1,0,0
1431499,其他区县,14314,1,0,0
1440199,其他区县,5,0,0,0
1440299,其他区县,7,0,0,0
1440399,其他区县,504,1,0,0
1440499,其他区县,507,1,0,0
1440599,其他区县,533,1,0,0
1440699,其他区县,521,1,0,0
1440799,其他区县,509,1,0,0
1440899,其他区县,516,1,0,0
1440999,其他区县,511,1,0,0
1441099,其他区县,534,1,0,0
1441199,其他区县,508,1,0,0
1441299,其他区县,545,1,0,0
1441399,其他区县,529,1,0,0
1441599,其他区县,544,1,0,0
1441699,其他区县,531,1,0,0
1441799,其他区县,512,1,0,0
1442099,其他区县,506,1,0,0
1442199,其他区县,540,1,0,0
1442299,其他区县,546,1,0,0
1450199,其他区县,2201,1,0,0
1450299,其他区县,2203,1,0,0
1450399,其他区县,2202,1,0,0
1450499,其他区县,2204,1,0,0
1450599,其他区县,2206,1,0,0
1450699,其他区县,14506,1,0,0
1450799,其他区县,2205,1,0,0
1450899,其他区县,14508,1,0,0
1450999,其他区县,2207,1,0,0
1451099,其他区县,14510,1,0,0
1451199,其他区县,14511,1,0,0
1451299,其他区县,14512,1,0,0
1451399,其他区县,14513,1,0,0
1451499,其他区县,14514,1,0,0
1460199,其他区县,2301,1,0,0
1500199,其他区县,401,1,0,0
1510199,其他区县,3001,1,0,0
1510299,其他区县,3010,1,0,0
1510399,其他区县,15103,1,0,0
1510499,其他区县,3009,1,0,0
1510599,其他区县,3005,1,0,0
1510699,其他区县,3007,1,0,0
1510799,其他区县,3013,1,0,0
1510899,其他区县,15108,1,0,0
1510999,其他区县,15109,1,0,0
1511099,其他区县,3012,1,0,0
1511199,其他区县,3008,1,0,0
1511299,其他区县,15112,1,0,0
1511399,其他区县,15113,1,0,0
1511499,其他区县,15114,1,0,0
1511599,其他区县,15115,1,0,0
1511699,其他区县,15116,1,0,0
1511799,其他区县,15117,1,0,0
1511899,其他区县,15118,1,0,0
1511999,其他区县,15119,1,0,0
1512099,其他区县,15120,1,0,0
1512199,其他区县,15121,1,0,0
1520199,其他区县,2501,1,0,0
1520299,其他区县,2502,1,0,0
1520399,其他区县,2503,1,0,0
1520499,其他区县,2504,1,0,0
1520599,其他区县,15205,1,0,0
1520699,其他区县,2505,1,0,0
1520799,其他区县,15207,1,0,0
1520899,其他区县,15208,1,0,0
1520999,其他区县,15209,1,0,0
1530199,其他区县,2401,1,0,0
1530299,其他区县,2402,1,0,0
1530499,其他区县,2403,1,0,0
1530599,其他区县,2404,1,0,0
1530699,其他区县,15306,1,0,0
1530799,其他区县,2405,1,0,0
1530899,其他区县,15308,1,0,0
1530999,其他区县,15309,1,0,0
1531099,其他区县,15310,1,0,0
1531199,其他区县,15311,1,0,0
1531299,其他区县,15312,1,0,0
1531399,其他区县,15313,1,0,0
1531499,其他区县,15314,1,0,0
1531599,其他区县,15315,1,0,0
1531699,其他区县,15316,1,0,0
1531799,其他区县,15317,1,0,0
1540199,其他区县,2901,1,0,0
1540299,其他区县,2903,1,0,0
1540399,其他区县,2905,1,0,0
1540499,其他区县,15404,1,0,0
1540599,其他区县,2902,1,0,0
1540699,其他区县,15406,1,0,0
1540799,其他区县,2904,1,0,0
1610199,其他区县,20,1,0,0
1610299,其他区县,1309,1,0,0
1610399,其他区县,1307,1,0,0
1610499,其他区县,1302,1,0,0
1610599,其他区县,1305,1,0,0
1610699,其他区县,1306,1,0,0
1610799,其他区县,1308,1,0,0
1610899,其他区县,1303,1,0,0
1610999,其他区县,1304,1,0,0
1611099,其他区县,16110,1,0,0
1620199,其他区县,2701,1,0,0
1620399,其他区县,2703,1,0,0
1620499,其他区县,16204,1,0,0
1620599,其他区县,2704,1,0,0
1620699,其他区县,16206,1,0,0
1620799,其他区县,16207,1,0,0
1620899,其他区县,16208,1,0,0
1620999,其他区县,2706,1,0,0
1621099,其他区县,16210,1,0,0
1621199,其他区县,16211,1,0,0
1621299,其他区县,16212,1,0,0
1621399,其他区县,16213,1,0,0
1621499,其他区县,16214,1,0,0
1630199,其他区县,3101,1,0,0
1630299,其他区县,3102,1,0,0
1630399,其他区县,3103,1,0,0
1630499,其他区县,3105,1,0,0
1630599,其他区县,3104,1,0,0
1630699,其他区县,16306,1,0,0
1630799,其他区县,16307,1,0,0
1630899,其他区县,16308,1,0,0
1640199,其他区县,2801,1,0,0
1640299,其他区县,2802,1,0,0
1640399,其他区县,2803,1,0,0
1640499,其他区县,2804,1,0,0
1640599,其他区县,16405,1,0,0
1650199,其他区县,2601,1,0,0
1650299,其他区县,2613,1,0,0
1650399,其他区县,16503,1,0,0
1650499,其他区县,16504,1,0,0
1650599,其他区县,2604,1,0,0
1650699,其他区县,2603,1,0,0
1650799,其他区县,2602,1,0,0
1650899,其他区县,16508,1,0,0
1650999,其他区县,16509,1,0,0
1651099,其他区县,2605,1,0,0
1651199,其他区县,16511,1,0,0
1651299,其他区县,16512,1,0,0
1651399,其他区县,16513,1,0,0
1651499,其他区县,16514,1,0,0